6.262:26,57,62,5,
7.844:88,3,7,123,
4.979:237,50,239,5,
6.435:88,126,7,123,
3.881:33,34,3,44,
7.485:13,7,
5.607:16,3,326,119,
7.422:160,88,206,7,
6.216:96,55,97,7,
9.141:15,73,
5.44:106,110,3,48,
4.934:28,199,132,133,
6.77:11,13,5,
6.429:6,2,3,7,
4.196:199,115,102,133,
4.119:23,59,307,
4.962:6,178,142,3,
3.734:46,52,51,5,
6.489:104,55,99,7,
7.832:288,16,54,5,
3.625:14,106,99,48,
3.526:23,65,51,
6.021:2,13,354,7,
5.446:192,13,
7.175:12,154,3,5,
5.459:152,305,137,133,
7.867:28,149,
6.829:46,52,57,5,
5.21:2,145,5,
7.654:62,312,5,
8.619:11,13,253,
4.746:28,106,199,133,
5.747:166,5,
7.249:328,3,322,292,
3.4:37,257,
3.294:23,310,37,3,
4.714:6,21,3,7,
5.738:6,2,331,3,
6.529:194,342,13,
5.371:46,28,47,92,
3.263:113,3,114,5,
6.577:106,314,2,7,
6.227:237,179,50,
7.352:46,52,57,5,
8.481:129,62,113,
4.019:28,13,199,133,
8.688:65,15,73,218,
5.147:28,151,121,
9.439:160,73,7,5,
7.324:15,73,210,
8.496:15,73,7,
5.273:11,16,132,133,
6.297:188,172,132,7,
4.396:6,3,4,5,
4.59:11,94,369,5,
4.427:34,41,3,
5.648:16,153,115,
7.104:12,28,118,5,
5.319:158,142,132,133,
6.662:3,7,
6.593:105,262,263,264,
6.642:16,189,7,289,
5.84:191,26,353,
6.196:134,349,322,121,
4.147:28,1,180,122,
7.84:191,26,353,5,
4.442:46,50,47,48,
9.529:59,160,7,
4.978:266,268,7,267,
2.234:33,34,3,
6.822:12,28,5,
5.621:11,13,83,218,
4.743:16,62,207,
4.471:132,133,151,121,
7.2:28,154,142,7,
8.341:23,16,7,
7.032:314,2,62,269,
3.423:6,4,5,
4.883:118,27,3,5,
6.761:293,164,62,
3.282:105,3,5,
5.582:172,244,84,220,
5.715:16,275,5,289,
6.723:136,148,126,151,
4.486:46,48,322,
5.267:2,57,354,5,
5.414:88,70,13,
5.478:105,6,19,5,
6.876:28,160,
7.153:28,204,16,7,
6.333:94,2,13,5,
5.66:188,133,
5.665:16,62,3,
7.303:13,137,133,7,
5.07:112,99,62,48,
3.922:254,273,48,7,
5.211:152,137,133,151,
5.558:12,118,3,5,
6.325:75,76,79,86,10,
4.497:136,3,207,7,
5.852:6,131,3,
5.445:188,3,123,
7.41:293,73,83,
9.581:46,16,66,48,
7.461:12,212,215,3,
7.501:14,15,282,
1.972:33,34,3,
6.355:268,222,13,
9.79:59,160,88,7,
5.3:59,16,217,205,
5.361:50,62,48,5,
5.8:153,13,137,
5.155:23,307,7,
6.677:2,57,145,5,
5.077:46,16,47,49,
7.038:58,279,216,278,
5.498:11,83,3,5,
7.797:54,4,
3.015:258,37,3,
5.42:216,13,126,114,
5.466:58,2,62,121,
5.312:110,19,48,7,
4.871:105,2,326,7,
8.048:8,12,5,
4.478:28,1,122,71,
3.033:6,33,34,
4.889:2,57,354,5,
6.582:28,85,58,7,
6.2:358,62,298,
7.831:58,279,216,278,
4.778:135,180,354,133,
3.706:6,303,132,133,
3.764:2,3,48,5,
5.703:6,110,63,3,
9.472:272,254,106,276,
5.334:11,94,83,5,
5.361:28,154,3,7,
7.582:188,158,184,3,
5.878:26,5,92,
2.469:23,310,37,3,
4.745:59,2,354,5,
2.834:65,288,51,3,
5.45:134,352,351,322,
4.144:11,79,13,5,
5.72:54,290,
6.387:96,55,97,7,
8.024:96,55,16,97,
7.315:23,14,260,
5.445:188,148,3,
6.628:183,142,137,
5.877:11,2,13,83,
5.666:58,16,289,
5.938:28,3,137,
5.392:6,132,133,
3.838:134,352,322,350,
7.11:2,145,121,
3.109:33,34,44,
6.828:12,2,122,5,
9.328:75,79,10,140,
6.928:28,94,114,5,
3.953:6,33,34,
6.838:135,13,
6.632:171,199,336,177,
5.342:290,5,
5.677:96,55,16,97,
8.012:85,121,123,
5.41:2,83,3,145,
2.286:33,34,3,
6.207:96,54,97,7,
4.673:6,303,132,133,
6.928:28,122,114,119,
6.338:28,148,13,3,
6.694:58,16,51,321,
2.252:6,33,34,
3.616:26,5,
4.228:303,83,234,133,
5.841:94,3,
7.4:12,94,118,5,
5.137:135,6,3,7,
5.0:96,55,51,97,
5.594:188,137,
4.73:188,21,3,7,
6.049:328,3,44,292,
6.577:169,152,133,121,
8.293:59,160,88,123,
5.155:46,50,47,48,
7.156:201,3,207,7,
6.177:6,2,189,3,
7.067:11,12,368,13,
5.058:189,3,7,
5.441:88,3,5,
4.678:21,2,5,
3.837:33,34,35,
4.35:46,47,147,48,
5.411:135,53,3,5,
5.549:94,21,5,22,
5.747:158,88,126,114,
4.055:46,52,65,51,
7.411:135,158,186,123,
2.575:33,34,3,
4.641:88,2,113,5,
3.719:6,94,3,5,
9.498:228,179,7,
4.827:158,85,88,123,
5.035:1,207,
6.501:58,279,216,
4.711:77,75,79,
4.165:16,192,13,
4.899:28,370,
4.272:262,264,62,5,
5.288:11,3,7,
4.426:6,30,113,5,
7.001:160,88,206,7,
7.641:65,374,
8.688:248,247,
7.306:160,172,62,7,
7.1:169,171,13,137,
6.981:26,199,5,
8.644:23,260,
4.332:16,303,115,132,
8.524:70,2,7,145,
4.974:131,3,
7.386:15,73,203,
6.859:82,121,92,
7.87:23,16,260,
5.285:23,14,48,
4.578:339,340,13,
8.251:13,218,225,
6.916:104,99,16,3,
3.046:33,34,3,
3.202:6,3,4,5,
4.192:46,47,48,
7.856:288,16,34,7,
5.718:135,29,354,133,
5.551:293,2,83,145,
5.0:23,2,7,5,
7.242:23,5,
5.137:6,2,3,145,
8.151:59,160,16,
5.384:237,179,50,
6.112:12,28,118,5,
9.502:195,13,126,
6.275:134,13,125,126,
6.575:13,74,302,5,
4.918:11,3,71,
5.129:296,62,3,5,
4.397:65,82,13,
5.992:96,16,54,97,
6.886:12,89,5,
4.678:293,294,21,83,
5.24:59,237,50,73,
6.324:46,66,269,87,
6.689:275,34,7,289,
8.546:16,18,7,145,
7.427:127,13,232,7,
6.003:58,279,216,278,
7.121:46,47,48,49,
6.306:12,120,113,5,
4.047:46,50,47,48,
5.854:75,79,62,
6.149:94,21,62,5,
3.917:34,41,35,
5.049:106,110,16,3,
5.643:88,113,5,
4.459:11,369,13,62,
6.26:28,3,126,7,
4.624:6,172,2,3,
5.948:58,50,48,
5.603:28,1,21,5,
4.492:304,133,7,306,
5.202:46,67,47,5,
5.452:134,349,322,121,
6.629:19,2,142,7,
7.053:96,62,97,5,
7.803:185,111,120,128,
6.763:11,83,5,
9.298:94,18,10,5,22,
7.634:28,188,1,122,
6.72:158,88,234,123,
7.469:28,156,160,7,
6.2:59,217,282,
5.867:29,279,216,278,
5.635:73,62,60,5,
4.016:23,10,4,22,
5.229:2,13,145,
5.569:169,13,137,
7.12:11,15,7,5,
6.753:28,68,13,126,
5.896:240,237,238,50,
6.322:6,16,3,151,
4.397:110,102,48,
4.298:134,322,350,
2.83:6,33,34,
5.008:272,274,65,16,
5.79:75,79,86,
5.625:293,2,3,145,
2.715:34,41,3,
5.887:13,3,151,7,
6.253:28,3,
6.13:59,3,7,211,
4.965:59,15,217,
7.916:28,168,126,7,
4.755:199,115,133,151,
8.541:134,13,7,
6.212:65,59,15,73,
8.476:189,48,7,5,
5.875:51,69,
5.21:26,193,3,
7.826:28,136,178,154,
5.388:21,354,5,
5.956:229,13,74,302,
4.082:2,3,5,
3.551:115,133,151,7,
3.873:294,2,83,145,
3.721:19,71,145,
4.616:54,290,
4.461:33,34,
2.894:309,358,298,48,
2.817:34,41,3,
8.135:72,125,126,
6.438:55,99,16,7,
5.787:134,322,
4.553:27,71,7,5,
4.818:2,13,145,
3.213:6,33,34,
4.777:369,3,71,7,
4.627:58,59,3,211,
4.523:13,303,234,133,
7.366:216,13,137,7,
4.318:28,122,71,
6.134:16,2,7,5,
4.888:191,26,125,5,
4.405:272,274,3,
9.426:23,15,260,
5.118:11,369,13,5,
5.517:51,340,13,334,
4.69:340,333,13,
7.036:58,279,216,278,
4.659:14,16,3,
3.832:10,3,4,22,
7.986:59,217,283,211,
7.768:28,135,156,5,
5.828:237,50,69,
3.795:11,13,83,5,
6.781:13,302,5,
7.321:88,347,13,3,
5.18:354,89,5,
3.27:6,33,34,
6.593:13,113,5,
5.919:6,132,133,
4.371:88,3,126,114,
7.621:75,79,86,10,
5.2:327,328,3,292,
4.012:209,1,304,13,
5.369:28,3,126,114,
6.833:327,328,322,292,
4.09:134,352,322,350,
7.933:171,222,13,234,
3.059:265,62,
7.492:13,74,302,5,
7.173:169,336,177,197,
4.382:57,354,114,5,
5.306:75,79,86,
4.599:46,66,57,5,
5.436:201,3,7,121,
7.435:28,111,122,
4.778:88,123,
6.473:28,58,7,
3.795:26,5,
8.157:94,16,189,92,
5.03:57,27,7,5,
5.778:46,50,47,48,
3.667:11,5,320,
6.133:14,58,59,216,
4.414:28,3,138,
5.067:13,199,152,133,
4.144:110,55,101,48,
6.784:135,186,13,126,
6.921:28,1,27,
6.277:23,14,7,
7.041:2,189,13,48,
5.895:14,237,15,48,
10.309:59,160,172,7,
5.774:319,312,7,5,
5.688:28,72,111,153,
6.295:105,3,114,5,
6.505:21,2,7,145,
5.024:46,50,47,71,
5.601:75,76,79,86,10,
5.585:23,62,
6.112:13,74,302,5,
7.491:182,183,160,137,
5.805:118,113,5,119,
3.516:13,303,83,133,
6.537:26,13,7,5,
4.678:33,34,35,
7.55:28,134,126,7,
6.211:53,62,5,
6.548:102,126,5,
3.011:42,33,34,3,
6.403:12,370,5,
5.228:58,88,7,
5.995:28,193,13,3,
4.023:46,51,50,47,
6.827:78,368,371,
7.188:112,99,62,
3.609:1,24,3,4,
6.866:13,74,302,5,
4.396:266,16,3,48,
7.715:23,14,16,
6.436:88,7,
6.007:58,279,216,278,
5.419:3,207,7,
3.805:46,65,47,
4.949:254,273,58,7,
6.706:13,73,123,
5.18:59,333,13,
5.005:26,24,4,5,
4.637:65,110,51,48,
8.509:19,172,71,7,
5.573:162,59,332,73,
7.135:158,336,5,
8.143:266,269,7,267,
5.489:46,16,47,49,
5.64:221,51,308,290,
5.187:98,96,51,97,
6.678:272,254,274,16,
5.753:6,2,3,7,
7.66:54,3,7,
4.086:59,217,205,282,
5.933:110,189,3,7,
6.47:266,21,270,7,
6.424:59,217,282,211,
7.434:65,327,322,292,
5.596:273,2,3,7,
6.412:26,153,137,5,
5.136:56,374,84,7,220,
5.733:54,113,5,289,
6.365:75,78,79,86,
5.099:134,349,322,121,
6.969:207,7,
5.313:26,3,5,
2.527:2,3,4,7,
4.688:19,27,113,5,
3.397:6,2,3,7,
6.656:314,13,7,
5.109:303,83,133,7,
3.352:23,259,37,
5.234:12,28,189,5,
9.001:23,15,260,
5.272:110,55,62,7,
5.487:188,374,3,7,
6.342:58,279,216,278,
3.916:1,3,207,
5.843:75,76,79,13,10,
6.566:219,132,133,151,
4.769:134,349,351,322,
4.867:14,172,3,7,
7.316:65,79,73,10,161,
4.824:58,16,34,
5.354:135,57,3,5,
3.401:293,19,83,71,
6.86:13,74,302,5,
5.052:16,3,7,5,
6.118:333,13,
5.616:300,221,317,7,
6.629:28,13,149,137,
5.29:293,62,3,
6.609:16,62,312,
6.861:266,267,
7.459:2,3,48,
4.021:6,10,3,4,
4.486:11,94,71,5,
6.827:12,118,2,5,
10.424:59,160,7,121,
3.68:135,348,3,5,
4.48:367,51,48,7,
6.147:191,28,158,133,
8.083:65,173,141,174,
6.744:146,59,147,123,
4.203:6,45,3,71,
4.492:28,131,3,
2.601:34,41,3,
6.58:58,279,216,
6.841:58,279,216,
6.071:46,47,48,49,
7.535:29,160,15,
4.703:59,121,123,
7.761:227,146,28,88,
5.766:11,27,7,5,
4.265:238,50,3,243,
4.801:37,3,7,
5.295:236,2,48,7,
6.575:160,142,187,
6.287:156,111,142,53,
5.78:327,328,44,292,
4.954:327,328,3,292,
4.86:194,188,13,
8.173:58,279,216,278,
7.4:26,59,160,
5.294:112,99,16,
7.408:58,279,216,278,
4.964:14,16,7,
7.976:28,13,197,137,
6.531:106,110,3,48,
5.681:191,26,53,133,
4.772:6,2,102,145,
6.381:3,114,218,
6.29:3,7,5,
3.724:6,3,4,7,
7.558:59,63,115,
6.406:28,1,122,
5.435:6,16,4,5,
6.054:6,136,142,199,
5.384:238,50,48,5,
6.735:28,137,126,7,
3.898:23,37,
3.927:45,34,41,3,
4.761:8,9,4,7,
8.376:13,126,7,89,
6.717:59,15,217,
6.432:26,7,89,5,
4.266:6,53,71,5,
5.334:237,238,50,48,
5.473:341,141,3,7,
7.189:28,134,13,126,
3.31:6,33,34,
6.324:
6.334:19,2,5,
4.543:38,37,3,
5.148:266,53,5,267,
9.442:204,16,7,145,
7.725:28,135,152,137,
3.759:23,25,10,4,
4.776:134,16,322,
5.832:3,207,7,5,
4.768:46,66,57,5,
3.674:368,13,22,
4.877:16,3,7,119,
6.647:186,142,3,123,
5.457:134,352,351,322,
4.523:85,58,16,88,
6.493:11,94,5,22,
3.84:6,2,3,145,
7.424:204,160,131,3,
4.474:12,94,118,5,
6.479:324,46,189,7,
5.709:19,113,5,
5.655:13,83,7,5,
6.814:11,374,13,
6.437:51,268,144,7,
4.62:11,83,3,5,
7.978:275,53,113,289,
6.343:96,62,97,5,
5.167:312,48,7,
6.881:14,65,15,73,
6.675:16,142,7,
7.135:13,334,
5.864:2,57,354,5,
6.86:28,3,119,
5.905:46,16,47,49,
4.921:65,124,13,334,
7.187:62,312,269,313,
5.047:14,237,3,48,
6.178:6,2,3,48,
7.715:191,227,28,184,
5.646:58,189,
5.821:98,96,16,97,
5.825:46,47,48,49,
5.451:58,314,16,7,
5.862:13,62,83,5,
4.842:28,171,7,145,
4.304:2,3,
4.743:96,65,51,7,
6.253:46,47,49,
5.481:258,23,16,
8.315:209,59,160,
8.191:9,189,62,5,
5.861:157,13,7,
4.499:13,3,7,5,
6.792:327,328,207,292,
5.332:274,275,49,
6.554:99,16,100,43,
6.125:113,3,121,119,
7.089:324,190,58,7,
4.023:46,47,48,
7.038:94,21,189,5,
8.027:194,195,13,121,
6.343:11,13,83,5,
4.76:28,118,5,
5.457:288,16,21,7,
7.201:327,48,292,7,
4.62:46,47,48,
7.941:15,18,73,
6.004:23,105,260,92,
4.989:110,293,83,145,
6.054:16,263,69,365,
5.237:94,2,3,5,
6.23:58,279,216,278,
5.436:46,50,47,48,
3.516:6,58,2,3,
6.983:13,74,302,5,
5.973:
3.712:191,131,3,151,
7.678:36,179,157,125,
4.183:199,83,152,133,
5.055:368,13,22,
4.321:134,322,
6.211:93,340,13,334,
3.827:46,47,48,306,
9.063:46,52,63,7,
8.907:94,21,7,5,
4.515:272,274,16,3,
4.621:1,180,354,122,
5.196:13,141,3,137,
5.66:293,21,3,
6.697:160,13,137,7,
6.045:59,88,13,5,
7.986:59,160,172,7,
7.597:59,160,88,206,
5.395:65,263,83,
5.1:285,286,59,287,
5.307:3,48,7,
5.668:134,349,322,121,
8.05:58,279,216,278,
4.578:28,16,199,133,
6.397:28,136,156,7,
5.146:266,7,5,267,
3.685:321,312,48,
7.25:279,16,216,278,
9.218:272,65,51,276,
5.515:11,12,370,13,
8.32:266,270,48,
5.743:266,267,
4.299:191,26,
10.211:23,16,260,
8.614:65,160,15,73,
5.402:327,328,3,292,
5.311:309,65,13,344,
4.664:46,51,47,48,
3.757:11,13,83,5,
6.734:28,134,122,126,
4.43:65,51,263,
6.322:
7.566:23,260,
7.972:59,160,88,207,
4.309:11,28,7,5,
6.289:354,7,5,
5.69:96,16,97,7,
2.978:53,7,5,
6.211:28,116,188,
6.454:28,141,
7.591:13,74,302,5,
4.474:33,34,
6.306:94,62,5,
7.05:12,297,5,
4.071:6,2,3,7,
4.036:13,199,137,133,
3.135:6,3,4,7,
4.352:28,1,111,180,
3.636:6,2,48,145,
5.527:116,3,114,5,
7.334:13,302,
10.59:23,16,260,
4.489:152,305,137,133,
5.262:178,3,151,7,
6.62:13,74,302,5,
8.796:169,59,137,151,
4.227:28,1,3,207,
5.991:15,73,282,
4.356:142,132,133,7,
8.368:58,279,216,278,
10.017:106,59,15,
5.361:28,58,7,
6.715:65,15,73,
3.049:33,34,3,44,
5.67:185,13,302,
5.926:134,349,322,121,
6.44:46,47,48,49,
7.439:328,44,292,7,
7.474:222,13,133,123,
4.374:33,34,35,
5.243:2,83,3,145,
2.35:23,37,3,
3.071:1,6,3,4,
6.953:194,188,18,13,
2.71:37,13,3,
5.275:13,147,232,126,
6.44:105,99,62,102,
8.195:147,125,126,123,
7.326:28,59,62,123,
4.194:65,13,3,137,
6.135:13,74,302,5,
5.171:293,21,19,115,
6.245:340,13,197,334,
6.445:13,74,302,5,
4.15:13,89,
7.574:28,134,122,126,
6.334:46,52,59,
2.834:33,34,3,
