4.075:12,113,71,5,
5.457:58,2,354,114,
3.887:265,62,
5.499:96,51,97,5,
4.761:8,9,4,7,
3.207:105,244,107,220,
7.492:13,74,302,5,
5.24:179,13,334,
5.151:16,275,7,289,
4.872:46,47,62,48,
3.359:33,34,3,
6.005:54,290,
4.998:6,189,3,5,
6.939:54,142,3,7,
6.088:23,259,62,
7.471:59,15,
6.953:194,188,18,13,
4.2:23,307,7,
5.358:11,12,30,5,
8.28:209,59,160,206,
6.525:46,129,13,47,
7.067:11,12,368,13,
6.726:46,47,48,49,
7.826:28,136,178,154,
5.615:293,83,7,
6.683:28,135,7,5,
8.124:59,16,217,
6.454:28,141,
5.914:65,319,
4.071:6,2,3,7,
5.299:6,2,3,5,
3.035:13,303,83,133,
3.884:6,3,4,
5.862:13,62,83,5,
7.267:28,3,137,123,
6.873:13,253,7,
6.784:58,16,216,
5.964:46,47,49,5,
7.458:73,282,
7.321:88,347,13,3,
8.152:340,13,151,
9.269:15,73,
5.186:28,149,137,126,
7.112:58,16,73,145,
7.475:75,45,79,5,
5.805:293,2,145,5,
3.847:134,352,351,322,
5.832:14,3,7,
5.639:93,339,13,
4.516:11,368,3,5,
8.173:58,279,216,278,
7.478:46,106,47,49,
10.069:23,21,5,
6.041:272,276,
7.941:15,18,73,
2.807:46,67,16,47,
4.761:75,79,86,
4.2:112,106,99,48,
6.212:65,59,15,73,
6.699:13,74,302,5,
8.505:284,59,15,217,
4.797:134,322,350,
5.659:158,178,121,123,
7.633:28,13,7,
5.303:26,30,5,
4.745:59,2,354,5,
4.196:13,83,3,5,
9.439:160,73,7,5,
5.66:309,99,16,49,
5.011:46,47,62,48,
6.446:327,2,48,292,
7.948:59,15,217,
6.84:288,16,54,7,
3.989:6,30,71,5,
5.905:96,16,83,97,
6.473:28,58,7,
6.48:157,141,121,174,
3.4:37,257,
6.428:327,328,44,292,
10.59:23,16,260,
6.819:11,18,71,7,
3.68:135,348,3,5,
6.04:55,99,16,101,
3.562:105,3,5,
6.809:59,15,217,
5.136:12,45,3,5,
7.439:328,44,292,7,
3.777:46,50,47,48,
7.001:160,88,206,7,
6.827:78,368,371,
8.316:15,18,73,
7.334:28,13,128,
6.495:266,268,7,267,
7.068:59,16,
6.736:23,14,260,
6.849:272,254,274,16,
6.61:6,62,83,145,
2.669:45,34,41,3,
5.579:88,2,3,126,
5.976:182,16,13,121,
