1:1,2,3,4,
1:8,9,4,7,
1:10,4,
1:11,10,3,4,
1:6,10,3,4,
1:8,6,10,4,
1:8,12,6,4,
1:12,6,4,
1:12,9,13,4,
1:1,9,4,7,
1:14,15,4,
1:6,16,4,5,
1:6,3,4,7,
1:17,3,4,7,
1:3,4,7,5,
1:6,3,4,7,
1:18,3,4,7,5,
1:6,19,3,4,
1:11,13,4,5,
1:9,4,5,
1:12,6,20,4,
1:6,21,4,7,
1:10,3,4,22,
1:10,3,4,22,
1:10,3,4,22,
1:10,3,4,22,
1:6,3,4,
1:6,3,4,
1:8,6,10,4,
1:6,3,4,
1:6,10,4,
1:6,10,3,4,
1:6,3,4,
1:10,3,4,22,
1:23,10,4,22,
1:23,10,4,22,
1:12,24,10,4,
1:12,6,10,4,
1:12,24,4,5,
1:11,13,10,4,
1:23,25,10,4,
1:21,10,3,4,
1:1,6,3,4,
1:1,6,3,4,
1:6,10,4,
1:24,3,4,5,
1:26,24,4,5,
1:6,2,4,7,
1:10,4,22,
1:6,10,4,7,
1:6,10,4,7,
1:3,4,7,5,
1:21,4,7,5,
1:14,3,4,7,
1:6,3,4,7,
1:6,3,4,7,
1:6,3,4,7,
1:10,3,4,22,
1:8,6,3,4,
1:6,10,4,22,
1:6,3,4,
1:6,2,3,
1:6,3,4,5,
1:6,24,3,4,
1:8,6,24,4,
1:12,6,4,5,
1:1,24,3,4,
1:6,27,4,5,
1:6,24,3,4,
1:28,6,4,5,
1:1,29,4,5,
1:1,2,4,5,
1:28,6,4,5,
1:6,24,3,4,
1:6,4,5,22,
1:30,24,4,5,
1:6,24,3,4,
1:6,2,31,4,
1:2,4,7,5,
1:24,3,4,7,
1:3,4,7,5,
1:6,3,4,5,
1:6,4,5,
1:12,4,5,
1:12,6,4,5,
1:12,4,7,5,
1:1,24,3,4,
1:6,24,3,4,
1:1,32,4,5,
1:2,3,4,7,
1:33,34,3,
1:33,34,3,
1:33,34,35,
1:36,37,3,
1:37,3,
1:37,13,3,
1:37,13,3,
1:38,13,3,
1:37,39,3,
1:38,39,3,
1:40,34,35,
1:33,34,3,
1:33,34,35,
1:33,2,34,
1:33,34,3,
1:33,34,35,
1:33,34,3,
1:33,34,35,
1:33,34,35,
1:33,34,35,
1:33,34,35,
1:33,34,35,
1:33,34,35,
1:33,34,3,
1:33,34,
1:33,34,3,
1:38,37,3,
1:33,34,3,
1:33,34,35,
1:33,34,35,
1:37,3,
1:33,34,3,
1:42,33,34,35,
1:42,33,34,3,
1:42,33,34,3,
1:37,3,7,
1:33,34,3,
1:42,33,34,43,
1:42,33,34,
1:42,33,34,3,
1:42,33,34,3,
1:42,33,34,3,
1:42,33,34,3,
1:42,33,34,3,
1:42,33,34,3,
1:42,33,34,3,
1:33,34,35,
1:33,34,3,
1:33,34,3,
1:33,34,3,
1:33,34,3,
1:33,34,3,
1:33,34,3,
1:33,34,35,
1:33,34,35,
1:6,34,3,5,
1:6,33,34,3,
1:33,34,3,44,
1:45,33,34,3,
1:33,34,3,44,
1:33,34,3,44,
1:33,34,3,44,
1:33,34,3,44,
1:33,34,3,44,
1:45,33,34,3,
1:33,34,44,
1:33,34,
1:33,34,35,
1:45,33,34,
1:33,34,3,
1:33,34,44,
1:33,34,
1:33,34,3,
1:33,34,3,
1:45,33,34,
1:45,34,41,3,
1:45,34,41,3,
1:45,34,41,3,
1:45,34,41,3,
1:34,41,3,44,
1:34,41,3,44,
1:34,41,3,44,
1:34,41,3,
1:34,41,3,
1:34,41,3,
1:34,41,35,
1:34,41,3,
1:34,41,3,
1:34,41,3,
1:34,41,35,
1:46,47,48,49,
1:46,47,48,
1:46,47,48,49,
1:46,47,48,49,
1:46,50,47,48,
1:46,17,47,48,
1:46,50,47,48,
1:46,50,47,48,
1:46,50,47,5,
1:46,47,48,49,
1:46,50,47,48,
1:46,47,49,
1:46,47,49,
1:46,50,47,48,
1:46,47,48,49,
1:46,50,47,48,
1:46,50,47,48,
1:46,50,47,48,
1:46,50,47,48,
1:46,51,50,47,
1:46,51,47,48,
1:46,47,49,
1:46,50,47,48,
1:46,50,47,48,
1:46,51,47,48,
1:46,47,48,49,
1:46,50,47,48,
1:46,47,48,49,
1:46,47,49,
1:46,50,47,48,
1:46,50,47,48,
1:46,47,48,49,
1:46,52,53,5,
1:46,52,16,54,
1:46,52,16,3,
1:46,52,48,
1:46,52,55,7,
1:46,52,56,54,
1:46,52,57,5,
1:46,52,58,59,
1:46,52,59,
1:46,52,57,5,
1:46,52,58,16,
1:46,52,60,5,
1:46,52,58,61,
1:46,52,57,5,
1:46,52,53,5,
1:11,46,52,62,
1:46,52,59,
1:46,52,48,5,
1:46,52,16,61,
1:46,52,63,7,
1:46,52,16,
1:46,52,3,7,
1:46,52,16,5,
1:46,52,64,5,
1:46,52,16,5,
1:46,52,65,5,
1:46,52,51,5,
1:46,52,55,15,
1:46,52,53,5,
1:46,52,55,7,
1:46,5,
1:46,66,61,5,
1:46,16,66,5,
1:
1:46,66,61,5,
1:46,66,5,
1:46,67,
1:46,5,
1:46,16,66,51,
1:46,66,57,5,
1:46,66,61,5,
1:46,16,66,61,
1:46,5,
1:46,16,66,61,
1:46,16,66,61,
1:46,66,60,5,
1:46,58,16,66,
1:46,66,57,5,
1:46,16,66,5,
1:46,66,5,
1:46,5,
1:11,46,66,5,
1:46,16,66,61,
1:46,5,
1:11,46,66,5,
1:46,5,
1:46,16,66,48,
1:46,66,57,5,
1:68,69,13,
1:11,3,71,
1:
1:11,18,13,7,
1:11,18,13,7,
1:11,18,7,5,
1:16,18,7,5,
1:11,13,5,
1:11,18,71,7,
1:11,12,18,7,
1:11,3,7,5,
1:11,13,71,7,
1:6,30,71,5,
1:11,18,71,7,
1:11,12,71,5,
1:11,18,73,7,
1:13,5,
1:11,30,7,
1:11,18,7,
1:75,45,
1:14,76,10,
1:75,45,
1:77,78,73,10,
1:45,79,5,
1:75,45,79,5,
1:75,45,79,5,
1:80,79,13,5,
1:30,13,5,
1:11,13,3,5,
1:30,27,3,
1:21,27,
1:30,18,7,5,
1:11,27,7,5,
1:11,18,71,7,
1:11,18,71,7,
1:6,30,3,71,
1:11,18,71,7,
1:11,13,71,5,
1:6,3,71,5,
1:6,45,63,81,
1:6,53,71,5,
1:6,45,3,71,
1:6,3,71,5,
1:27,71,7,5,
1:27,71,7,5,
1:11,18,7,5,
1:11,12,30,5,
1:11,18,7,5,
1:11,18,7,5,
1:11,13,5,
1:6,5,
1:11,82,30,62,5,
1:11,62,83,5,
1:11,83,3,5,
1:2,84,3,5,
1:30,84,3,5,
1:11,30,7,5,
1:12,30,13,5,
1:11,30,83,5,
1:6,30,3,5,
1:6,13,3,5,
1:45,63,2,3,
1:45,16,2,3,
1:85,16,7,
1:6,2,3,7,
1:21,2,5,
1:2,7,5,
1:75,30,86,5,
1:11,18,3,7,
1:18,3,7,87,
1:11,83,7,5,
1:28,84,7,
1:88,30,89,5,
1:28,88,7,89,
1:51,15,7,
1:90,91,13,92,
1:90,65,3,92,
1:93,13,5,
1:88,70,5,
1:88,70,7,
1:11,12,27,5,
1:11,12,83,5,
1:94,30,3,5,
1:30,2,3,5,
1:45,30,62,5,
1:30,95,10,5,
1:11,13,83,
1:95,3,7,5,
1:6,95,3,5,
1:3,7,5,
1:96,53,97,5,
1:96,51,97,7,
1:96,53,97,5,
1:96,55,51,97,
1:96,55,16,97,
1:96,55,97,7,
1:96,16,97,5,
1:96,97,7,
1:98,96,16,97,
1:96,55,51,97,
1:96,55,97,5,
1:96,55,97,7,
1:96,54,97,7,
1:96,55,16,97,
1:96,53,97,5,
1:98,96,97,7,
1:98,96,97,5,
1:98,96,55,97,
1:96,16,97,5,
1:98,96,16,97,
1:96,53,97,5,
1:96,16,97,
1:96,16,51,97,
1:96,16,97,7,
1:98,96,16,97,
1:96,53,97,5,
1:96,16,97,5,
1:96,62,97,5,
1:96,51,97,5,
1:96,54,97,5,
1:96,16,97,5,
1:96,62,97,5,
1:96,97,7,5,
1:96,62,97,5,
1:96,97,7,5,
1:98,96,55,97,
1:96,55,97,5,
1:96,51,97,5,
1:96,16,51,97,
1:96,55,97,7,
1:96,16,97,5,
1:96,16,97,5,
1:96,16,97,5,
1:96,62,97,5,
1:98,96,55,97,
1:98,96,55,97,
1:96,16,83,97,
1:96,55,97,7,
1:96,55,97,7,
1:96,55,97,
1:96,16,83,97,
1:96,62,97,5,
1:98,96,60,97,
1:96,16,97,5,
1:96,55,16,97,
1:96,62,97,5,
1:96,62,97,5,
1:96,62,97,5,
1:98,96,55,97,
1:96,55,16,97,
1:96,16,51,97,
1:96,16,54,97,
1:96,62,97,5,
1:98,96,55,97,
1:98,96,60,97,
1:96,62,97,5,
1:98,96,55,97,
1:96,16,97,5,
1:98,96,55,97,
1:96,16,51,97,
1:96,51,97,5,
1:98,96,51,97,
1:96,97,5,
1:98,96,55,97,
1:98,96,55,97,
1:98,55,16,97,
1:96,16,54,97,
1:96,62,97,5,
1:96,16,97,5,
1:96,16,97,5,
1:96,62,97,5,
1:96,55,97,7,
1:96,16,97,5,
1:98,96,55,97,
1:98,96,55,97,
1:96,16,97,5,
1:96,62,97,5,
1:96,16,62,97,
1:96,16,97,5,
1:96,51,3,97,
1:99,64,48,
1:99,16,100,43,
1:99,16,101,48,
1:55,99,48,92,
1:14,99,51,48,
1:99,48,43,7,
1:55,99,16,43,
1:99,102,48,43,
1:99,57,62,5,
1:99,69,101,48,
1:55,99,16,51,
1:55,99,16,63,
1:99,16,62,
1:99,102,48,103,
1:55,99,16,101,
1:99,16,63,43,
1:55,99,16,7,
1:65,99,51,48,
1:55,99,16,43,
1:55,99,3,7,
1:99,57,48,5,
1:55,99,16,63,
1:99,16,3,7,
1:55,99,16,7,
1:104,99,16,62,
1:105,99,62,102,
1:104,106,99,62,
1:99,54,107,43,
1:99,54,108,107,
1:104,55,99,7,
1:99,54,107,43,
1:109,99,108,62,
1:99,54,43,
1:104,55,99,16,
1:104,109,99,54,
1:104,99,16,3,
1:110,19,48,7,
1:110,63,48,
1:106,110,3,48,
1:106,110,16,3,
1:6,110,63,3,
1:104,110,16,54,
1:104,110,57,5,
1:104,110,57,5,
1:110,16,51,48,
1:110,111,48,43,
1:110,51,48,
1:110,16,62,
1:110,16,48,
1:110,63,3,7,
1:104,110,
1:104,110,57,5,
1:104,110,55,
1:65,110,51,48,
1:106,110,3,48,
1:110,55,48,7,
1:110,63,17,48,
1:110,21,3,48,
1:110,55,101,48,
1:110,19,48,
1:65,110,51,48,
1:104,110,57,5,
1:110,19,3,48,
1:110,101,48,7,
1:110,17,102,48,
1:110,53,5,
1:16,101,48,
1:112,106,99,48,
1:112,55,99,48,
1:109,99,7,
1:99,50,57,5,
1:112,99,48,
1:112,99,48,43,
1:112,99,62,48,
1:112,99,51,48,
1:112,99,101,48,
1:112,99,62,
1:112,99,57,5,
1:99,16,49,
1:112,99,62,48,
1:112,99,16,49,
1:112,99,16,
1:112,99,48,
1:99,50,57,5,
1:112,99,51,48,
1:112,99,16,48,
1:99,100,62,7,
1:99,100,62,7,
1:99,100,62,7,
1:99,100,62,7,
1:6,30,113,5,
1:19,27,113,5,
1:105,3,5,
1:105,3,114,5,
1:116,19,117,3,
1:12,116,113,5,
1:105,6,19,5,
1:12,113,3,5,
1:12,113,3,5,
1:6,118,3,5,
1:116,3,114,5,
1:12,118,114,5,
1:12,114,5,119,
1:12,118,5,
1:12,28,118,5,
1:12,118,3,
1:12,3,114,
1:12,28,113,3,
1:12,120,113,5,
1:116,113,121,5,
1:28,3,114,
1:28,74,
1:28,13,74,114,
1:28,122,114,119,
1:118,113,5,119,
1:113,3,5,119,
1:12,13,5,22,
1:65,113,5,119,
1:113,3,121,119,
1:13,113,3,119,
1:116,65,113,114,
1:116,65,3,
1:116,19,3,5,
1:116,3,71,114,
1:88,123,
1:124,125,126,
1:124,72,125,
1:19,120,113,5,
1:13,120,126,128,
1:129,62,113,
1:120,126,128,
1:28,13,120,126,
1:19,13,71,5,
1:65,82,13,
1:12,19,71,5,
1:94,2,3,5,
1:12,2,3,5,
1:12,105,13,5,
1:12,94,13,5,
1:12,19,5,
1:12,118,89,5,
1:72,120,89,
1:130,125,123,
1:28,94,114,5,
1:105,94,114,5,
1:105,113,114,5,
1:105,113,114,5,
1:28,105,131,114,
1:94,132,133,5,
1:2,113,71,5,
1:12,113,71,5,
1:12,111,53,5,
1:28,111,3,
1:134,111,13,126,
1:28,3,121,
1:28,135,136,137,
1:136,138,133,
1:139,120,125,
1:36,125,140,
1:13,115,
1:13,113,5,
1:19,113,5,
1:125,141,126,121,
1:72,125,
1:
1:72,120,141,126,
1:28,19,5,
1:19,2,142,7,
1:72,143,125,
1:94,2,5,22,
1:16,13,144,145,
1:21,13,115,
1:12,19,30,5,
1:13,120,126,128,
1:94,19,114,5,
1:28,3,126,
1:146,59,147,123,
1:19,2,5,
1:28,142,3,7,
1:6,19,3,71,
1:148,13,149,126,
1:148,13,149,126,
1:134,13,125,126,
1:28,13,147,126,
1:28,134,126,
1:28,13,126,7,
1:28,59,13,125,
1:72,125,126,
1:72,59,125,126,
1:72,125,126,
1:125,126,
1:72,125,126,
1:13,126,7,89,
1:28,126,7,
1:28,134,13,126,
1:134,122,126,
1:13,3,122,126,
1:134,125,141,126,
1:13,149,141,126,
1:72,149,123,
1:72,150,59,73,
1:136,148,126,151,
1:72,151,7,
1:28,3,137,126,
1:28,134,126,7,
1:28,134,126,7,
1:28,3,126,7,
1:28,152,126,7,
1:28,152,126,7,
1:28,3,126,7,
1:136,153,13,7,
1:28,153,141,126,
1:28,88,126,7,
1:150,38,13,126,
1:28,126,7,
1:28,38,126,7,
1:153,3,126,7,
1:28,134,3,126,
1:28,137,126,7,
1:28,126,7,
1:28,137,126,7,
1:28,141,126,7,
1:28,3,126,7,
1:28,13,3,126,
1:28,154,122,126,
1:28,154,122,126,
1:28,19,126,
1:28,19,126,
1:28,3,137,126,
1:28,3,126,7,
1:28,3,126,7,
1:28,3,138,7,
1:28,3,137,123,
1:28,134,3,126,
1:28,3,122,7,
1:155,153,
1:28,134,126,7,
1:28,134,3,126,
1:156,153,126,7,
1:28,126,7,
1:134,122,126,
1:28,134,13,126,
1:28,3,122,7,
1:28,134,3,126,
1:28,134,122,126,
1:28,134,122,126,
1:28,13,125,126,
1:28,13,122,126,
1:28,134,122,126,
1:28,149,137,126,
1:28,59,157,122,
1:28,157,125,122,
1:28,157,73,125,
1:28,157,73,125,
1:28,13,122,126,
1:28,158,157,126,
1:28,53,137,123,
1:134,159,13,7,
1:28,136,156,7,
1:28,134,3,126,
1:13,125,126,7,
1:28,124,126,
1:28,134,122,126,
1:3,126,
1:28,137,126,123,
1:28,59,160,7,
1:28,156,160,7,
1:28,13,7,
1:28,13,122,126,
1:28,13,122,126,
1:76,13,86,10,
1:77,79,5,
1:65,75,79,
1:65,79,73,10,161,
1:79,73,
1:75,79,62,
1:65,79,10,161,
1:75,79,10,161,
1:75,79,73,
1:75,79,10,140,
1:75,79,86,
1:163,75,78,79,
1:75,78,79,86,
1:75,78,79,
1:75,78,164,79,
1:163,75,78,79,
1:65,75,79,86,
1:75,79,86,
1:75,79,86,
1:75,79,62,
1:75,79,
1:75,79,86,
1:75,79,86,
1:26,75,79,86,
1:36,75,79,140,
1:75,79,86,
1:75,79,
1:75,79,86,
1:75,78,79,86,
1:75,79,86,121,
1:165,75,78,79,
1:75,78,79,13,
1:75,166,79,86,
1:77,75,79,
1:75,79,86,
1:75,79,86,
1:75,79,86,
1:75,79,86,
1:75,79,86,
1:75,79,86,
1:75,76,79,86,10,
1:77,75,79,86,
1:75,76,79,86,10,
1:75,79,86,62,
1:75,76,79,86,10,
1:77,75,79,86,
1:79,83,10,
1:77,75,79,140,
1:75,79,13,34,
1:75,78,79,10,161,
1:75,79,13,34,
1:75,78,79,
1:75,76,79,13,10,
1:75,79,13,86,
1:75,79,86,
1:75,79,86,
1:75,79,13,34,
1:75,79,13,86,
1:75,76,79,13,10,
1:77,75,79,86,
1:75,79,86,
1:77,75,79,
1:75,79,86,10,
1:75,79,86,
1:75,78,79,86,
1:75,79,86,
1:75,79,86,
1:77,75,79,86,
1:75,79,73,86,
1:75,79,86,
1:75,78,79,86,
1:75,78,79,86,
1:75,78,79,86,
1:75,79,86,
1:77,75,79,86,
1:75,79,86,
1:77,75,79,86,
1:75,79,86,
1:75,78,79,
1:77,75,79,
1:75,79,86,
1:77,75,79,
1:75,78,79,
1:75,79,86,
1:75,76,79,86,10,
1:75,79,62,
1:75,78,79,86,
1:75,78,79,86,
1:75,166,79,86,
1:75,79,86,
1:136,168,13,7,
1:169,3,137,7,
1:169,59,137,151,
1:169,170,137,151,
1:169,151,7,
1:169,13,151,
1:173,141,174,
1:65,173,141,174,
1:13,120,
1:
1:
1:139,13,120,
1:12,13,3,5,
1:12,2,13,5,
1:12,2,13,5,
1:12,13,5,
1:12,68,13,5,
1:12,2,13,5,
1:12,2,13,5,
1:12,3,5,
1:12,3,89,5,
1:12,175,122,5,
1:12,6,122,5,
1:12,2,122,5,
1:12,6,2,5,
1:124,157,13,125,
1:12,118,122,5,
1:12,118,19,5,
1:12,53,120,5,
1:12,111,120,5,
1:12,3,122,5,
1:28,111,120,122,
1:28,158,168,120,
1:176,120,177,128,
1:176,13,120,128,
1:28,136,178,154,
1:13,73,123,
1:176,111,13,120,
1:166,176,128,
1:176,120,125,
1:176,125,174,
1:72,120,125,
1:166,176,157,
1:176,157,120,125,
1:78,176,157,120,
1:36,179,157,125,
1:118,111,53,122,
1:28,118,111,122,
1:12,28,122,5,
1:12,28,122,5,
1:28,118,122,5,
1:28,111,122,
1:28,3,138,
1:28,134,126,
1:125,141,126,
1:180,141,126,174,
1:111,53,141,122,
1:134,111,141,126,
1:111,141,126,174,
1:111,13,126,
1:28,125,126,
1:111,141,126,
1:28,141,126,
1:28,141,126,
1:12,21,3,5,
1:12,3,122,5,
1:12,28,118,
1:28,118,5,
1:8,12,5,
1:12,28,3,5,
1:53,5,
1:53,5,
1:176,13,125,141,
1:23,157,181,
1:157,13,125,
1:28,134,126,
1:13,120,125,126,
1:28,118,3,7,
1:111,125,
1:28,3,122,
1:2,3,137,
1:3,137,7,
1:141,3,137,
1:28,3,137,
1:12,13,71,5,
1:6,168,3,123,
1:182,183,160,137,
1:13,137,126,
1:183,160,137,
1:12,118,2,5,
1:183,142,137,
1:28,184,3,126,
1:28,135,136,158,
1:54,142,3,7,
1:184,16,142,123,
1:135,136,156,3,
1:135,185,128,123,
1:6,142,5,
1:186,142,3,123,
1:160,142,137,7,
1:156,160,142,137,
1:6,142,5,
1:160,142,187,
1:6,21,142,5,
1:136,142,123,
1:136,142,
1:54,142,3,7,
1:156,142,3,7,
1:160,142,137,7,
1:156,142,3,71,
1:186,142,13,
1:142,13,
1:178,125,141,174,
1:186,13,126,
1:156,111,142,53,
1:160,142,5,
1:111,13,
1:53,62,137,5,
1:156,111,142,53,
1:6,142,3,7,
1:13,62,137,5,
1:188,184,3,137,
1:28,158,88,123,
1:59,88,123,
1:160,189,137,7,
1:188,158,184,3,
1:59,16,131,123,
1:28,156,5,123,
1:28,188,3,
1:28,6,3,126,
1:28,131,3,
1:28,141,3,174,
1:28,6,3,119,
1:28,3,126,
1:158,123,
1:28,184,13,137,
1:16,88,3,123,
1:28,13,125,126,
1:12,6,3,5,
1:190,158,3,
1:28,1,122,
1:28,59,13,126,
1:12,28,3,5,
1:28,3,122,
1:28,38,13,126,
1:12,28,3,5,
1:12,28,3,5,
1:3,122,126,
1:28,136,13,122,
1:12,118,3,5,
1:12,28,118,5,
1:28,3,122,
1:28,3,123,
1:28,158,147,
1:12,28,6,5,
1:135,184,137,121,
1:28,135,156,5,
1:135,184,137,121,
1:135,160,7,
1:28,135,136,123,
1:191,135,136,123,
1:135,13,
1:135,136,13,137,
1:135,136,156,5,
1:135,65,186,192,
1:135,158,186,123,
1:135,186,13,126,
1:135,186,13,126,
1:135,186,13,126,
1:135,6,136,137,
1:28,135,184,3,
1:135,6,136,147,
1:28,135,152,137,
1:135,184,152,
1:193,3,7,123,
1:19,172,71,7,
1:147,125,126,123,
1:28,38,147,123,
1:28,184,38,126,
1:19,4,81,
1:28,172,62,
1:1,19,172,7,
1:2,62,151,7,
1:1,172,7,
1:134,148,111,7,
1:28,148,13,3,
1:141,133,121,174,
1:28,38,3,121,
1:28,13,133,121,
1:136,13,133,121,
1:194,195,13,121,
1:136,192,13,102,
1:
1:194,195,13,121,
1:172,7,
1:28,62,3,123,
1:28,72,111,153,
1:194,176,13,128,
1:28,3,126,
1:194,72,141,
1:196,111,123,
1:72,111,197,
1:72,154,198,13,
1:194,188,18,13,
1:188,13,
1:194,188,13,
1:188,78,
1:188,160,159,
1:28,116,188,
1:16,172,2,7,
1:191,111,177,102,
1:184,137,133,121,
1:195,13,126,
1:194,13,126,
1:188,143,121,
1:194,13,3,
1:188,1,172,3,
1:28,188,1,122,
1:200,154,4,
1:191,136,3,
1:191,28,197,123,
1:136,148,157,13,
1:157,125,
1:13,125,
1:195,13,125,
1:16,13,
1:136,157,125,
1:1,21,19,
1:157,141,121,174,
1:188,136,3,7,
1:194,188,72,197,
1:58,45,21,172,
1:188,143,13,121,
1:188,137,
1:1,19,172,122,
1:12,28,122,5,
1:154,13,74,
1:1,2,151,7,
1:28,137,121,
1:11,19,13,
1:188,133,
1:90,65,137,
1:54,13,
1:1,19,3,7,
1:188,148,5,
1:72,201,7,
1:28,188,136,3,
1:28,188,184,3,
1:191,188,121,
1:58,59,172,5,
1:19,4,81,5,
1:28,1,21,5,
1:194,188,13,
1:78,189,62,
1:188,172,3,7,
1:188,13,121,
1:194,188,160,13,
1:148,141,7,174,
1:173,59,132,151,
1:172,3,7,
1:
1:113,7,5,
1:188,172,132,7,
1:188,201,121,
1:45,172,62,113,
1:134,172,2,13,
1:165,19,62,5,
1:202,177,121,
1:141,121,174,
1:59,148,133,7,
1:59,16,
1:59,15,
1:204,160,131,3,
1:204,123,
1:59,160,88,7,
1:160,88,91,121,
1:59,15,73,205,
1:160,88,206,7,
1:160,88,206,7,
1:160,16,88,7,
1:59,160,88,206,
1:204,59,160,7,
1:204,206,7,5,
1:160,91,121,
1:59,123,
1:88,206,3,7,
1:160,88,7,
1:160,88,206,
1:160,88,206,7,
1:204,160,16,7,
1:160,206,74,7,
1:160,74,7,
1:59,160,16,
1:59,160,187,7,
1:59,160,187,7,
1:59,160,206,7,
1:59,160,206,7,
1:160,187,7,5,
1:160,172,62,7,
1:160,206,7,
1:160,206,138,7,
1:207,7,
1:204,136,59,160,
1:59,160,88,123,
1:23,106,7,
1:160,88,206,7,
1:59,160,88,121,
1:59,160,88,123,
1:59,160,172,7,
1:59,160,7,121,
1:190,160,7,208,
1:59,160,123,
1:59,160,
1:59,160,88,7,
1:160,3,7,208,
1:59,160,88,207,
1:59,160,88,
1:59,160,88,207,
1:59,160,172,
1:59,160,172,
1:209,59,160,206,
1:59,160,187,5,
1:59,160,172,
1:209,59,160,7,
1:204,59,160,7,
1:160,88,187,7,
1:59,160,91,7,
1:59,160,172,7,
1:59,160,172,
1:59,160,88,131,
1:59,73,187,5,
1:59,160,88,172,
1:158,59,88,123,
1:160,88,206,7,
1:59,160,148,91,
1:59,160,91,7,
1:59,160,137,121,
1:160,88,7,
1:59,160,172,
1:209,160,148,121,
1:59,160,172,7,
1:209,160,206,7,
1:59,160,7,
1:59,160,7,
1:65,59,160,15,
1:59,160,15,210,
1:59,160,148,91,
1:59,160,148,91,
1:26,59,160,5,
1:26,59,160,
1:209,59,160,
1:209,59,160,
1:59,160,172,7,
1:59,160,137,121,
1:59,160,88,7,
1:59,160,7,
1:135,59,160,121,
1:185,59,160,
1:191,160,91,7,
1:139,192,13,
1:28,3,123,
1:12,96,88,5,
1:85,121,123,
1:58,59,160,
1:88,13,3,126,
1:212,134,7,5,
1:158,88,126,123,
1:19,71,5,119,
1:88,3,5,
1:213,157,13,126,
1:59,88,7,
1:26,134,7,5,
1:26,212,88,5,
1:58,19,211,5,
1:88,126,7,123,
1:29,88,13,126,
1:214,3,207,
1:3,126,7,
1:28,59,3,5,
1:12,213,13,126,
1:28,213,13,7,
1:188,6,3,123,
1:157,141,208,
1:182,29,59,16,
1:59,15,73,
1:102,126,5,
1:88,131,126,7,
1:88,3,126,123,
1:29,88,3,126,
1:85,88,7,123,
1:85,88,7,123,
1:59,160,7,211,
1:158,178,121,123,
1:53,207,7,5,
1:59,160,7,
1:12,215,3,5,
1:29,16,3,119,
1:59,121,123,
1:13,126,121,
1:16,3,5,
1:58,160,13,211,
1:28,6,53,5,
1:12,28,53,5,
1:65,59,160,211,
1:13,126,7,
1:26,28,126,123,
1:28,3,207,5,
1:85,131,3,123,
1:59,13,7,5,
1:88,3,126,
1:29,88,3,5,
1:6,58,19,211,
1:29,88,126,7,
1:28,3,119,
1:11,13,83,5,
1:12,28,212,5,
1:65,160,15,211,
1:26,13,53,5,
1:88,3,7,5,
1:12,129,13,5,
1:213,157,13,126,
1:88,3,7,123,
1:160,54,13,
1:88,172,131,7,
1:59,196,73,
1:28,216,13,126,
1:72,125,92,
1:38,3,7,5,
1:212,88,3,5,
1:13,141,3,137,
1:58,59,160,211,
1:12,26,53,5,
1:139,192,13,7,
1:59,160,7,211,
1:13,7,5,
1:212,207,7,5,
1:157,13,141,126,
1:58,160,217,211,
1:12,28,3,5,
1:191,28,136,123,
1:29,16,3,7,
1:139,192,13,121,
1:28,213,157,13,
1:158,85,88,123,
1:65,59,15,211,
1:88,131,3,7,
1:65,13,3,137,
1:170,3,126,7,
1:29,3,5,119,
1:6,178,142,3,
1:6,142,3,126,
1:6,142,3,207,
1:6,142,3,207,
1:6,142,3,207,
1:6,142,3,137,
1:183,142,137,
1:136,142,13,207,
1:6,136,142,13,
1:6,142,137,207,
1:183,142,3,137,
1:136,142,13,131,
1:28,118,5,
1:12,28,7,5,
1:12,28,118,5,
1:12,118,3,5,
1:12,28,13,5,
1:12,88,13,5,
1:59,88,13,5,
1:118,3,5,
1:13,120,218,5,
1:12,59,13,5,
1:12,28,3,5,
1:12,88,13,5,
1:88,13,5,
1:178,3,151,7,
1:13,3,137,151,
1:6,3,151,207,
1:28,3,207,7,
1:3,207,7,5,
1:176,157,13,126,
1:176,157,13,126,
1:176,13,125,126,
1:176,157,13,126,
1:28,134,3,126,
1:134,13,126,7,
1:28,13,197,137,
1:13,197,44,7,
1:139,192,13,197,
1:28,118,3,5,
1:28,172,131,123,
1:28,197,3,137,
1:28,13,126,7,
1:72,197,137,5,
1:28,137,151,
1:136,3,207,7,
1:160,13,5,
1:160,13,
1:12,157,7,5,
1:12,157,13,5,
1:12,176,157,13,
1:12,176,157,13,
1:169,13,137,
1:219,13,137,126,
1:72,197,137,
1:28,168,126,7,
1:219,72,13,137,
1:176,16,157,125,
1:62,7,145,220,
1:221,13,7,5,
1:70,13,218,89,
1:16,21,222,13,
1:28,131,3,151,
1:13,151,
1:72,76,223,125,
1:194,136,13,151,
1:157,13,125,
1:13,125,126,218,
1:12,13,5,
1:19,4,71,
1:13,126,89,
1:65,13,126,89,
1:139,13,126,89,
1:222,13,126,89,
1:25,70,13,126,
1:21,70,7,89,
1:224,13,137,151,
1:155,13,137,7,
1:139,13,126,89,
1:12,21,3,5,
1:19,71,7,5,
1:19,71,7,5,
1:16,21,3,7,
1:88,73,7,
1:55,73,7,
1:12,30,3,5,
1:6,18,3,7,
1:12,45,3,5,
1:165,224,13,62,
1:11,12,13,5,
1:28,1,122,71,
1:28,1,180,122,
1:28,122,71,
1:28,1,122,71,
1:28,1,71,
1:28,1,3,
1:28,1,122,71,
1:1,207,5,
1:28,1,180,122,
1:28,1,137,
1:28,1,27,
1:28,1,3,71,
1:28,1,180,71,
1:216,13,137,7,
1:28,13,
1:9,189,53,5,
1:13,218,225,
1:28,1,131,207,
1:28,6,189,3,
1:28,1,6,3,
1:6,226,3,137,
1:28,1,111,180,
1:28,1,6,3,
1:28,160,53,3,
1:160,5,
1:28,9,5,
1:28,1,3,
1:28,111,180,
1:28,1,30,5,
1:28,3,207,
1:191,227,28,184,
1:28,219,199,
1:28,1,111,180,
1:29,160,15,
1:53,137,5,
1:28,111,180,
1:26,28,5,
1:28,180,137,
1:227,28,88,7,
1:28,6,3,122,
1:228,160,5,
1:28,1,27,5,
1:229,13,
1:104,189,7,
1:28,156,189,7,
1:72,59,179,157,
1:28,1,111,180,
1:230,13,126,
1:28,38,230,13,
1:13,126,
1:229,13,126,
1:28,1,111,180,
1:28,1,3,5,
1:28,58,16,5,
1:26,28,115,126,
1:227,26,6,3,
1:28,1,3,207,
1:189,3,7,
1:178,13,126,
1:28,1,180,122,
1:28,53,123,
1:28,189,53,123,
1:28,88,126,114,
1:6,226,3,137,
1:28,1,153,189,
1:28,180,207,
1:72,59,125,126,
1:1,118,27,5,
1:27,226,3,137,
1:28,57,27,5,
1:224,138,
1:28,160,
1:28,231,
1:28,3,
1:28,149,
1:28,88,126,
1:28,184,3,
1:28,154,137,
1:28,53,3,
1:191,227,126,
1:28,154,142,7,
1:28,189,53,5,
1:134,189,13,137,
1:12,13,5,
1:28,61,189,13,
1:28,189,53,5,
1:28,48,7,103,
1:28,1,111,5,
1:26,28,38,27,
1:57,27,7,5,
1:191,3,207,
1:182,16,13,121,
1:16,3,207,5,
1:3,126,114,7,
1:12,3,5,
1:16,113,3,5,
1:12,215,2,5,
1:216,88,13,114,
1:216,13,126,114,
1:88,3,126,114,
1:13,147,232,126,
1:88,113,5,
1:88,2,113,5,
1:6,58,2,3,
1:2,3,
1:158,133,
1:16,3,5,
1:16,3,5,
1:158,233,126,114,
1:12,3,5,
1:16,113,3,5,
1:126,114,7,
1:16,3,5,
1:6,3,5,
1:16,113,5,
1:135,16,3,7,
1:2,62,5,
1:16,62,197,3,
1:16,113,5,
1:113,3,5,
1:6,85,7,
1:16,113,5,
1:16,2,115,7,
1:28,3,114,7,
1:125,114,7,
1:88,7,
1:88,7,
1:3,207,7,
1:6,16,3,207,
1:16,207,123,
1:16,62,3,
1:16,62,207,
1:6,70,3,
1:16,70,3,
1:16,62,3,
1:16,3,
1:88,7,
1:28,3,126,114,
1:16,2,207,7,
1:58,2,3,7,
1:85,3,7,
1:135,58,3,5,
1:16,88,
1:85,58,16,88,
1:16,3,133,121,
1:58,2,3,5,
1:190,16,3,7,
1:135,6,3,7,
1:135,3,7,5,
1:115,7,
1:88,126,114,121,
1:135,16,3,5,
1:16,7,
1:105,3,5,
1:135,158,234,133,
1:188,3,123,
1:188,148,3,
1:58,16,7,
1:113,3,114,5,
1:105,3,5,
1:188,6,16,7,
1:1,6,3,7,
1:23,114,5,
1:158,235,133,
1:16,88,203,
1:29,58,88,7,
1:29,7,
1:133,203,121,123,
1:236,126,114,7,
1:158,59,88,131,
1:148,16,88,3,
1:6,58,148,3,
1:135,16,3,7,
1:28,3,126,114,
1:6,58,2,3,
1:58,16,2,7,
1:233,126,114,
1:158,88,126,114,
1:188,133,123,
1:16,88,126,114,
1:14,237,50,15,
1:238,50,48,5,
1:14,238,50,7,
1:237,3,48,7,
1:237,50,5,
1:55,237,50,7,
1:237,50,239,5,
1:29,58,237,
1:237,238,196,50,
1:237,50,3,7,
1:237,50,3,7,
1:240,237,238,50,
1:237,238,50,71,
1:237,238,50,48,
1:237,50,48,
1:238,50,48,5,
1:237,50,73,
1:237,16,50,7,
1:58,237,16,7,
1:237,179,50,
1:240,237,238,50,
1:237,179,50,
1:240,237,238,50,
1:190,58,237,7,
1:237,50,69,48,
1:237,48,7,
1:237,50,7,
1:59,237,50,
1:58,237,88,7,
1:29,237,50,7,
1:14,237,3,48,
1:237,50,3,7,
1:59,237,50,210,
1:237,50,7,
1:14,237,15,48,
1:58,237,50,7,
1:240,237,238,50,
1:59,237,238,50,
1:237,50,241,
1:14,237,16,50,
1:237,3,7,
1:58,237,50,7,
1:237,3,71,7,
1:237,91,48,7,
1:14,237,50,48,
1:50,62,48,5,
1:188,238,50,
1:237,50,242,
1:237,50,7,5,
1:237,16,50,48,
1:237,179,48,
1:238,50,3,243,
1:237,238,50,15,
1:14,237,48,243,
1:14,238,50,243,
1:16,50,48,5,
1:58,50,48,
1:55,237,88,7,
1:14,237,50,243,
1:16,50,48,5,
1:26,237,3,7,
1:237,50,48,
1:240,237,50,111,
1:58,237,50,7,
1:14,237,50,3,
1:237,196,50,123,
1:237,179,50,
1:237,238,50,5,
1:170,48,126,
1:237,179,50,
1:14,237,50,7,
1:238,50,71,5,
1:50,48,
1:237,50,69,
1:14,237,50,15,
1:238,50,48,71,
1:55,237,115,7,
1:240,237,196,50,
1:58,237,50,7,
1:59,237,50,73,
1:237,244,7,5,
1:237,117,3,5,
1:58,237,54,48,
1:237,16,50,7,
1:237,3,71,7,
1:237,88,48,7,
1:240,237,196,50,
1:240,237,196,50,
1:238,50,111,152,
1:238,50,48,7,
1:6,3,207,
1:28,193,13,126,
1:28,13,138,
1:28,147,3,246,
1:28,3,7,
1:227,146,28,88,
1:134,13,102,126,
1:153,13,137,
1:160,13,137,7,
1:176,125,233,208,
1:2,3,71,7,
1:1,3,207,
1:28,1,3,
1:1,207,
1:6,148,3,
1:142,13,3,
1:16,7,5,
1:59,156,5,
1:142,7,5,
1:58,3,7,
1:11,83,3,5,
1:158,247,125,
1:28,134,13,126,
1:28,193,13,3,
1:11,83,3,5,
1:227,28,3,
1:11,3,7,5,
1:2,3,246,
1:28,7,89,5,
1:45,13,62,5,
1:204,16,88,62,
1:16,3,
1:16,13,5,
1:28,13,218,
1:134,147,141,
1:3,5,
1:176,13,248,
1:28,193,245,3,
1:3,114,218,
1:157,13,126,
1:38,16,153,
1:248,247,
1:59,88,3,
1:160,73,7,5,
1:11,13,3,5,
1:201,3,5,
1:59,160,114,
1:249,3,7,
1:59,16,205,
1:58,3,7,
1:28,135,7,5,
1:135,180,53,5,
1:135,13,3,7,
1:250,59,160,7,
1:111,251,177,
1:28,135,59,160,
1:59,248,133,252,
1:135,53,3,5,
1:134,13,7,
1:13,253,7,
1:135,57,3,5,
1:16,3,7,145,
1:59,16,2,3,
1:157,125,233,
1:59,63,115,
1:11,21,7,5,
1:62,7,5,
1:88,3,5,
1:106,7,5,220,
1:28,135,1,121,
1:13,126,218,
1:57,3,7,5,
1:12,28,3,5,
1:106,115,3,207,
1:28,3,
1:58,59,3,
1:28,16,3,7,
1:28,134,88,115,
1:156,152,3,5,
1:6,63,3,7,
1:11,13,218,5,
1:59,3,7,
1:12,157,143,3,
1:28,88,5,
1:146,59,88,
1:134,154,18,7,
1:11,83,5,
1:28,3,89,5,
1:2,115,89,5,
1:59,248,121,
1:255,51,256,
1:255,62,256,
1:255,256,7,
1:255,15,256,
1:255,15,256,
1:255,62,256,
1:255,62,256,
1:255,62,256,
1:65,255,256,
1:255,62,256,
1:255,62,256,
1:255,256,7,
1:65,255,256,
1:255,54,256,
1:255,256,7,
1:255,256,5,
1:
1:23,15,
1:37,257,
1:23,37,3,
1:23,14,
1:23,5,
1:23,37,5,
1:23,37,3,
1:258,37,3,
1:258,37,3,
1:258,16,257,
1:258,23,16,
1:258,23,
1:258,23,106,
1:258,23,3,
1:258,23,16,
1:258,23,257,
1:258,23,16,
1:258,23,87,
1:258,23,257,
1:23,37,
1:37,5,
1:62,5,
1:23,62,
1:23,62,
1:23,37,
1:23,62,
1:23,37,
1:23,62,
1:23,37,
1:23,37,
1:166,62,
1:166,5,
1:166,62,
1:166,62,
1:166,5,
1:23,259,37,
1:23,259,37,
1:23,259,
1:259,37,
1:23,259,37,
1:23,259,62,
1:23,259,62,
1:23,259,181,
1:23,259,
1:23,259,37,
1:23,259,260,
1:23,259,62,
1:23,259,37,
1:23,259,62,
1:23,259,62,
1:23,14,261,
1:262,263,264,
1:262,263,264,5,
1:262,264,5,
1:262,263,264,5,
1:262,263,264,5,
1:262,263,264,62,
1:262,264,62,5,
1:262,263,264,
1:262,263,264,
1:262,264,62,5,
1:262,263,264,
1:105,262,263,264,
1:105,262,263,264,
1:265,62,
1:265,62,5,
1:265,62,
1:265,62,
1:23,260,
1:23,260,
1:23,260,
1:23,260,
1:23,62,
1:266,48,267,92,
1:266,63,48,267,
1:266,16,5,267,
1:266,58,7,267,
1:266,48,7,267,
1:266,268,7,267,
1:266,58,268,267,
1:266,122,48,267,
1:266,7,267,
1:266,55,268,267,
1:266,53,5,267,
1:266,269,7,267,
1:266,48,267,92,
1:266,7,5,267,
1:266,267,
1:266,7,5,267,
1:266,16,5,267,
1:266,7,5,267,
1:266,60,5,267,
1:266,57,5,267,
1:266,7,5,267,
1:266,267,
1:266,268,7,267,
1:266,16,7,267,
1:266,16,267,
1:266,58,267,
1:266,21,270,7,
1:266,268,270,48,
1:266,16,21,270,
1:266,271,270,
1:266,58,270,7,
1:266,58,16,270,
1:266,270,48,
1:266,270,48,
1:266,270,
1:266,270,48,92,
1:266,270,48,
1:266,270,
1:266,268,270,
1:272,266,270,7,
1:272,273,16,48,
1:273,58,16,7,
1:273,16,57,5,
1:254,182,273,61,
1:272,273,57,5,
1:272,273,57,5,
1:272,273,58,48,
1:254,182,273,2,
1:272,273,57,5,
1:273,7,92,
1:273,53,57,5,
1:272,273,61,48,
1:272,273,16,
1:273,16,61,
1:273,3,103,
1:182,273,55,
1:273,48,7,
1:273,50,60,5,
1:273,58,16,
1:273,16,
1:272,254,274,3,
1:272,254,274,16,
1:272,274,3,
1:274,275,49,
1:272,274,21,
1:272,274,16,3,
1:272,274,58,
1:272,274,65,16,
1:274,16,3,122,
1:272,254,274,16,
1:274,16,21,
1:272,274,16,49,
1:272,274,3,49,
1:272,274,65,3,
1:274,62,3,122,
1:274,58,16,2,
1:272,58,16,276,
1:277,276,3,7,
1:272,65,51,276,
1:58,276,7,
1:272,276,2,
1:16,61,276,
1:277,276,2,7,
1:272,16,276,7,
1:272,276,
1:254,58,16,276,
1:272,254,106,276,
1:21,276,7,
1:272,276,
1:55,276,48,103,
1:29,216,278,
1:279,16,216,278,
1:29,279,216,
1:106,58,16,216,
1:58,279,216,278,
1:279,216,7,
1:279,216,278,7,
1:29,279,216,278,
1:29,279,216,278,
1:58,279,216,278,
1:279,216,278,7,
1:58,279,216,278,
1:29,279,216,278,
1:29,216,278,
1:58,279,216,278,
1:29,216,278,
1:58,279,216,
1:58,279,216,278,
1:58,16,216,
1:29,279,216,
1:29,279,216,
1:29,279,216,
1:29,279,216,
1:58,16,216,7,
1:58,279,216,278,
1:58,279,216,278,
1:279,16,216,278,
1:279,216,278,7,
1:58,59,279,216,
1:58,16,216,7,
1:29,279,216,278,
1:58,279,216,278,
1:58,279,216,278,
1:279,216,278,7,
1:58,279,216,278,
1:58,16,216,
1:58,279,216,278,
1:58,16,216,7,
1:279,16,216,278,
1:58,279,216,278,
1:58,279,216,278,
1:58,279,216,278,
1:58,279,216,278,
1:59,16,216,61,
1:58,279,216,278,
1:58,279,216,278,
1:14,58,59,216,
1:58,279,216,278,
1:58,279,216,278,
1:58,279,216,278,
1:58,279,216,278,
1:58,279,216,278,
1:58,279,216,278,
1:279,216,278,7,
1:58,279,216,278,
1:58,279,216,278,
1:279,16,216,278,
1:58,279,216,
1:58,279,216,278,
1:58,279,216,278,
1:58,279,216,278,
1:58,279,216,278,
1:58,279,216,278,
1:58,279,216,278,
1:58,16,216,7,
1:279,16,216,278,
1:58,279,216,278,
1:58,279,216,278,
1:58,279,216,278,
1:58,279,216,278,
1:58,279,216,278,
1:58,279,216,278,
1:58,279,216,278,
1:58,279,216,278,
1:58,279,216,278,
1:58,279,216,278,
1:58,16,216,7,
1:58,279,216,278,
1:279,216,278,7,
1:29,279,216,
1:58,279,216,278,
1:58,279,216,278,
1:58,279,216,278,
1:58,279,216,278,
1:58,279,216,278,
1:58,279,216,278,
1:58,279,216,
1:279,16,216,278,
1:279,16,216,278,
1:58,279,216,278,
1:59,2,3,211,
1:23,59,16,217,
1:59,16,217,205,
1:59,16,280,
1:59,16,281,217,
1:59,16,217,205,
1:59,15,217,211,
1:59,217,282,211,
1:85,58,59,211,
1:59,3,7,211,
1:58,59,3,211,
1:58,59,3,211,
1:58,59,3,211,
1:58,59,3,211,
1:59,217,283,211,
1:58,59,217,211,
1:59,217,282,211,
1:59,217,211,
1:59,217,282,211,
1:14,59,217,
1:59,15,
1:59,217,282,211,
1:59,15,282,
1:59,15,217,
1:59,217,
1:59,15,217,
1:106,59,15,
1:106,59,217,
1:59,15,217,
1:59,15,217,203,
1:284,59,15,217,
1:59,217,282,
1:59,15,217,
1:59,217,282,
1:59,16,217,
1:106,59,15,
1:59,217,
1:59,15,217,
1:59,15,
1:59,16,217,205,
1:59,15,217,282,
1:59,16,
1:59,16,217,
1:59,16,217,
1:59,16,217,
1:284,59,217,282,
1:106,59,
1:59,15,217,
1:228,14,59,
1:59,15,217,
1:59,16,7,
1:228,59,64,7,
1:59,217,282,
1:59,217,282,
1:59,16,210,282,
1:59,16,281,211,
1:59,16,217,
1:200,59,16,
1:106,59,16,64,
1:46,59,16,15,5,
1:59,15,217,5,
1:59,5,
1:228,59,217,
1:106,59,16,
1:59,15,217,
1:59,217,62,
1:285,286,59,287,
1:285,286,59,242,
1:285,286,59,242,
1:285,286,59,242,
1:285,286,59,242,
1:59,217,282,
1:59,16,217,205,
1:59,16,217,205,
1:284,59,16,217,
1:59,15,217,211,
1:59,217,205,282,
1:59,217,282,
1:
1:59,7,
1:59,16,217,
1:59,16,
1:59,16,217,
1:59,160,88,7,
1:59,217,
1:59,196,73,
1:59,217,211,
1:284,59,16,217,
1:59,15,217,
1:59,15,217,
1:288,62,7,5,
1:288,54,62,5,
1:65,288,51,3,
1:54,21,7,
1:288,16,3,7,
1:19,3,7,
1:288,16,54,7,
1:288,16,54,5,
1:54,2,7,
1:288,19,71,
1:288,16,21,7,
1:288,16,3,7,
1:65,288,51,3,
1:288,16,3,7,
1:288,16,34,7,
1:288,16,3,7,
1:288,16,34,7,
1:25,16,34,
1:25,16,34,
1:34,289,
1:16,34,102,
1:16,19,34,
1:54,34,102,
1:54,34,102,
1:58,16,34,
1:113,7,
1:53,7,5,
1:54,113,5,
1:113,7,5,
1:51,53,5,
1:16,54,102,
1:16,113,4,
1:16,54,51,
1:16,54,5,
1:16,54,113,
1:16,7,5,289,
1:16,275,34,289,
1:53,113,5,289,
1:16,113,5,289,
1:275,53,113,289,
1:16,275,5,289,
1:16,275,5,289,
1:16,3,7,289,
1:16,275,7,289,
1:275,34,7,289,
1:16,34,7,289,
1:113,5,289,
1:275,34,5,289,
1:16,275,7,289,
1:275,34,5,289,
1:16,275,5,289,
1:16,54,275,289,
1:16,275,7,289,
1:16,3,7,289,
1:275,34,7,289,
1:275,113,5,289,
1:16,7,5,289,
1:16,34,7,289,
1:54,113,5,289,
1:16,275,5,289,
1:16,34,289,
1:16,34,7,289,
1:16,34,7,289,
1:16,275,34,289,
1:16,275,7,289,
1:290,5,
1:290,5,
1:290,5,
1:54,290,
1:54,290,
1:54,290,
1:54,290,
1:290,5,
1:54,290,5,
1:54,5,
1:54,5,
1:54,290,
1:221,275,3,5,
1:221,275,34,3,
1:221,34,3,7,
1:221,275,34,290,
1:16,164,34,3,
1:54,51,164,102,
1:16,113,5,
1:275,71,5,
1:54,4,
1:16,34,7,
1:34,3,7,
1:16,34,7,
1:54,3,7,
1:28,13,149,137,
1:13,126,
1:28,136,13,
1:72,13,125,126,
1:28,141,
1:13,125,123,
1:28,186,126,
1:28,186,13,126,
1:28,13,3,126,
1:28,158,138,123,
1:158,164,92,
1:72,59,157,125,
1:146,28,3,207,
1:146,28,
1:209,158,102,
1:88,2,3,126,
1:6,172,2,3,
1:28,6,131,3,
1:28,193,131,207,
1:191,28,6,126,
1:191,146,136,156,
1:72,13,125,126,
1:158,13,234,121,
1:158,13,126,121,
1:158,13,138,126,
1:28,13,3,
1:28,192,13,
1:291,13,
1:6,58,59,
1:59,15,217,73,
1:6,3,121,
1:65,121,
1:2,13,
1:58,2,3,
1:
1:6,2,13,
1:58,2,3,145,
1:2,292,145,5,
1:58,16,73,145,
1:204,16,7,145,
1:58,2,7,145,
1:70,2,7,145,
1:16,57,113,5,
1:6,2,102,145,
1:2,145,5,
1:2,62,252,145,
1:6,2,252,
1:70,244,133,
1:16,2,145,
1:2,62,145,
1:6,2,132,145,
1:244,2,132,145,
1:6,2,132,145,
1:244,2,132,145,
1:62,132,151,123,
1:2,132,207,145,
1:16,62,138,123,
1:62,132,138,207,
1:65,59,15,
1:6,2,132,145,
1:12,3,7,5,
1:6,88,7,5,
1:202,247,
1:65,92,
1:65,59,15,73,
1:
1:2,13,145,
1:28,68,13,126,
1:11,2,13,83,
1:28,3,126,123,
1:2,7,145,5,
1:70,2,7,145,
1:6,2,132,145,
1:55,73,3,7,
1:2,57,145,5,
1:94,2,13,5,
1:191,200,188,138,
1:59,157,13,125,
1:19,4,81,5,
1:12,19,13,5,
1:85,30,13,5,
1:293,21,19,115,
1:16,2,115,145,
1:6,2,132,145,
1:2,145,121,
1:12,94,5,
1:2,3,5,
1:293,83,
1:16,13,121,
1:85,24,2,145,
1:293,83,71,145,
1:293,83,81,145,
1:293,83,81,145,
1:293,19,83,71,
1:293,19,83,71,
1:293,19,73,145,
1:6,2,3,145,
1:293,83,141,5,
1:2,3,145,5,
1:2,3,145,5,
1:2,83,3,145,
1:2,83,3,145,
1:6,2,3,145,
1:293,83,3,145,
1:2,83,3,145,
1:26,62,145,
1:2,73,145,5,
1:2,73,3,145,
1:2,3,145,5,
1:16,2,62,145,
1:2,62,145,5,
1:293,2,83,145,
1:2,3,48,
1:16,2,83,145,
1:16,18,7,145,
1:6,62,83,145,
1:2,13,145,
1:
1:294,2,83,145,
1:294,21,83,3,
1:294,83,3,145,
1:294,2,83,145,
1:294,223,83,145,
1:294,16,83,145,
1:2,83,3,145,
1:295,21,83,145,
1:295,21,83,145,
1:295,21,83,145,
1:295,21,3,145,
1:295,62,83,145,
1:110,293,83,145,
1:65,59,15,145,
1:2,83,3,145,
1:293,2,145,
1:16,115,3,145,
1:2,115,141,3,
1:6,62,132,3,
1:293,62,83,145,
1:293,83,145,5,
1:286,59,62,145,
1:295,62,83,145,
1:295,62,3,145,
1:6,293,2,145,
1:295,62,3,145,
1:295,62,145,5,
1:263,62,145,
1:295,293,62,145,
1:293,59,73,145,
1:293,2,83,145,
1:293,73,83,145,
1:295,62,83,145,
1:295,2,62,145,
1:295,263,62,145,
1:293,21,62,83,
1:59,19,2,145,
1:2,7,145,
1:2,73,3,145,
1:16,2,3,145,
1:266,293,83,145,
1:21,2,7,145,
1:293,2,3,145,
1:293,88,2,83,
1:293,2,3,145,
1:293,2,48,145,
1:293,2,7,145,
1:293,2,145,5,
1:293,2,145,5,
1:293,145,5,
1:2,53,145,5,
1:293,19,71,5,
1:293,2,145,
1:2,53,5,
1:2,3,145,
1:6,53,71,5,
1:19,71,145,
1:16,3,48,
1:2,3,48,
1:293,83,144,145,
1:6,293,83,145,
1:293,2,145,
1:6,94,21,5,
1:94,59,21,5,
1:94,19,71,5,
1:94,62,5,22,
1:6,94,3,5,
1:94,21,71,5,
1:94,59,21,5,
1:94,31,5,22,
1:94,19,71,5,
1:94,296,71,5,
1:6,59,21,3,
1:94,21,5,22,
1:94,21,3,5,
1:94,21,62,5,
1:11,94,21,5,
1:12,297,5,
1:21,83,3,7,
1:6,21,3,7,
1:6,94,13,
1:94,21,5,22,
1:94,21,5,22,
1:94,21,3,5,
1:11,94,83,5,
1:11,166,62,20,
1:19,71,7,
1:273,16,21,5,
1:11,6,19,5,
1:11,21,83,5,
1:11,6,94,71,
1:11,94,5,22,
1:94,21,5,22,
1:11,94,71,5,
1:12,94,21,5,
1:94,59,73,62,
1:11,94,5,22,
1:11,94,83,5,
1:189,62,113,
1:11,94,5,22,
1:94,296,5,22,
1:94,18,10,5,22,
1:189,73,5,
1:12,88,3,5,
1:6,94,19,71,
1:11,94,5,22,
1:11,19,13,5,
1:94,21,296,5,
1:94,21,296,3,
1:11,94,7,5,
1:94,83,298,5,
1:65,94,83,298,
1:188,21,3,7,
1:11,94,45,83,
1:6,19,71,
1:12,94,118,5,
1:94,62,5,
1:65,94,5,
1:19,71,7,5,
1:94,21,7,5,
1:94,5,22,
1:94,21,189,5,
1:11,62,5,
1:28,59,62,123,
1:94,3,5,22,
1:23,21,5,
1:94,5,22,
1:223,62,83,299,
1:223,62,83,299,
1:94,16,189,92,
1:94,21,5,22,
1:94,21,5,22,
1:16,21,5,22,
1:16,21,3,5,
1:94,236,7,5,
1:94,16,21,3,
1:94,19,81,5,
1:11,94,71,5,
1:94,15,7,
1:94,29,21,7,
1:94,62,5,22,
1:94,5,220,22,
1:11,21,5,22,
1:94,21,7,5,
1:94,59,5,22,
1:94,21,5,22,
1:11,6,94,5,
1:11,94,5,22,
1:94,189,3,7,
1:94,62,5,
1:12,94,21,5,
1:94,62,5,22,
1:14,65,15,73,
1:65,59,15,73,
1:65,15,73,282,
1:65,59,15,73,
1:59,15,73,
1:65,15,73,
1:59,160,73,87,
1:217,73,
1:65,59,15,
1:15,73,
1:59,15,73,
1:14,15,73,
1:15,73,282,
1:300,15,248,7,
1:15,73,248,
1:14,59,15,73,
1:224,15,73,123,
1:15,281,217,73,
1:15,73,248,
1:65,15,73,282,
1:65,59,15,73,
1:73,282,
1:65,15,73,282,
1:15,73,
1:14,15,
1:15,73,282,
1:65,15,73,
1:15,73,
1:15,73,203,
1:65,59,15,73,
1:65,15,73,
1:65,15,73,
1:65,15,
1:15,73,248,
1:65,15,73,282,
1:15,73,248,
1:73,282,
1:59,15,281,73,
1:15,73,203,
1:59,15,73,
1:65,15,73,
1:59,15,73,
1:65,15,73,
1:15,73,
1:65,15,73,
1:65,15,73,
1:15,73,282,
1:59,15,73,
1:54,15,73,
1:14,15,73,
1:15,73,
1:59,73,282,
1:15,301,73,
1:65,15,73,
1:15,73,203,
1:14,65,15,73,
1:65,160,15,73,
1:65,15,73,218,
1:65,15,73,
1:59,15,73,20,
1:15,18,73,
1:65,15,73,
1:15,73,
1:65,15,73,
1:59,15,5,
1:59,15,73,
1:65,15,281,73,241,
1:15,73,210,
1:15,73,
1:73,7,
1:65,15,73,
1:59,15,73,
1:65,15,73,
1:59,15,73,
1:65,15,73,282,
1:224,73,203,
1:65,59,15,
1:15,73,282,
1:15,73,7,
1:15,73,
1:15,73,
1:160,15,73,
1:15,18,73,
1:65,18,73,
1:59,15,73,
1:224,15,18,73,
1:15,73,
1:65,15,73,
1:14,15,282,
1:15,73,282,121,289,
1:13,302,5,
1:13,74,302,
1:13,74,302,5,
1:229,13,74,302,
1:13,74,5,
1:13,74,302,
1:13,74,302,
1:13,302,5,
1:162,13,74,302,
1:229,13,74,302,
1:74,302,5,
1:
1:13,302,
1:74,53,302,5,
1:
1:13,302,
1:229,162,74,302,
1:229,13,74,302,
1:229,224,13,302,
1:229,13,74,302,
1:229,13,302,5,
1:13,74,302,
1:229,13,74,302,
1:229,13,74,302,
1:13,302,5,257,
1:13,74,302,5,
1:13,74,302,
1:13,74,302,5,
1:13,74,302,5,
1:13,74,302,5,
1:13,74,302,5,
1:13,74,302,5,
1:13,74,302,5,
1:13,74,302,5,
1:13,74,302,5,
1:13,302,
1:13,74,302,5,
1:13,74,302,5,
1:13,74,302,5,
1:13,74,302,5,
1:38,13,5,
1:13,74,302,5,
1:13,74,302,5,
1:13,74,302,5,
1:13,74,302,5,
1:13,74,302,5,
1:13,74,302,5,
1:38,13,74,302,
1:74,3,5,
1:13,74,302,5,
1:13,74,302,5,
1:13,74,302,5,
1:13,74,302,5,
1:13,302,5,
1:185,13,302,
1:13,74,302,5,
1:13,302,
1:13,302,121,
1:13,74,302,5,
1:13,302,5,
1:13,74,302,5,
1:13,74,302,5,
1:13,74,302,5,
1:13,74,302,5,
1:13,74,302,5,
1:13,74,302,5,
1:13,302,
1:13,74,302,5,
1:13,302,
1:13,74,302,5,
1:13,302,
1:13,74,302,5,
1:13,302,
1:13,74,302,5,
1:13,74,302,5,
1:13,74,302,5,
1:13,74,302,5,
1:13,74,302,5,
1:13,74,302,5,
1:13,302,
1:13,302,
1:13,74,302,5,
1:13,74,302,5,
1:13,302,
1:13,74,302,
1:13,74,302,5,
1:13,74,302,5,
1:13,302,
1:13,74,302,5,
1:13,302,
1:152,137,133,151,
1:199,152,133,151,
1:303,83,133,7,
1:199,152,133,151,
1:199,152,102,133,
1:28,13,115,133,
1:115,152,133,7,
1:28,13,199,133,
1:13,115,152,133,
1:152,137,133,7,
1:13,152,137,133,
1:13,137,133,7,
1:28,199,102,133,
1:303,83,152,133,
1:303,83,152,133,
1:303,83,152,133,
1:13,303,83,133,
1:227,304,199,151,
1:303,152,305,133,
1:13,199,137,133,
1:28,199,102,133,
1:28,152,137,133,
1:199,152,137,133,
1:199,152,102,133,
1:13,199,152,133,
1:152,305,137,133,
1:303,305,137,133,
1:152,305,137,133,
1:152,305,137,133,
1:199,115,102,133,
1:199,83,152,133,
1:13,199,152,133,
1:102,133,121,
1:199,115,102,133,
1:199,152,133,7,
1:28,13,199,133,
1:305,137,133,7,
1:305,137,133,7,
1:305,137,133,7,
1:13,303,234,133,
1:152,305,137,133,
1:152,305,137,133,
1:152,305,137,133,
1:303,305,137,133,
1:303,305,137,133,
1:199,152,133,7,
1:13,199,152,133,
1:13,199,137,133,
1:152,102,137,133,
1:152,137,133,121,
1:199,152,137,133,
1:28,13,115,133,
1:191,136,304,133,
1:13,137,133,
1:13,303,83,133,
1:304,13,199,133,
1:304,199,133,151,
1:191,136,304,133,
1:13,137,133,
1:70,303,83,133,
1:303,83,3,133,
1:13,303,133,
1:13,303,133,
1:13,199,133,151,
1:13,199,133,151,
1:199,152,133,151,
1:13,199,133,151,
1:16,303,133,7,
1:303,83,234,133,
1:28,199,133,151,
1:191,28,115,133,
1:115,133,151,7,
1:13,199,133,7,
1:199,152,133,7,
1:28,16,199,133,
1:199,133,7,
1:304,133,7,306,
1:304,13,199,133,
1:209,1,304,13,
1:106,152,137,133,
1:13,305,137,133,
1:28,199,132,133,
1:199,115,102,133,
1:28,106,199,133,
1:199,137,133,151,
1:16,199,133,151,
1:16,199,133,151,
1:115,137,133,151,
1:13,199,133,151,
1:199,132,133,151,
1:199,115,133,151,
1:23,15,260,
1:23,15,260,
1:23,14,260,
1:23,14,260,
1:23,14,260,
1:23,260,7,
1:23,14,260,
1:23,15,260,
1:23,14,260,
1:23,54,260,
1:23,15,260,
1:23,16,260,
1:23,16,260,
1:23,260,7,
1:23,260,7,
1:23,16,260,
1:23,16,260,
1:23,16,260,
1:23,16,260,
1:23,16,260,
1:23,14,260,
1:23,14,260,
1:23,14,260,
1:23,14,260,
1:23,54,260,
1:23,260,7,
1:23,260,7,
1:23,260,7,
1:23,14,58,260,
1:23,16,260,
1:23,7,
1:23,14,260,
1:23,14,260,
1:23,14,243,
1:23,307,7,
1:
1:23,7,
1:23,307,7,
1:23,307,7,
1:23,62,
1:190,23,260,92,
1:23,105,260,92,
1:23,307,7,
1:23,48,7,
1:23,14,307,
1:23,260,7,
1:23,14,48,
1:23,14,48,
1:23,14,7,
1:23,14,88,7,
1:23,260,7,
1:23,260,7,
1:23,14,260,
1:23,15,260,
1:23,260,7,
1:23,14,7,
1:23,14,16,
1:23,59,307,
1:23,59,307,
1:23,14,243,
1:23,260,7,
1:23,260,7,
1:23,307,257,
1:23,307,7,
1:23,14,260,
1:23,14,260,
1:23,307,7,
1:23,260,92,
1:23,307,260,
1:23,260,92,
1:23,14,260,
1:23,260,5,
1:23,260,5,
1:23,260,5,
1:23,260,5,
1:23,260,5,
1:23,260,180,
1:23,16,260,
1:309,23,260,
1:23,16,260,
1:309,23,260,
1:23,260,
1:23,16,
1:23,260,
1:23,16,
1:23,260,
1:23,260,
1:23,260,62,
1:23,260,
1:23,260,257,
1:23,310,37,3,
1:23,310,37,3,
1:23,310,37,3,
1:23,310,37,3,
1:46,47,48,49,
1:46,47,48,49,
1:46,47,49,5,
1:46,50,47,48,
1:46,106,47,49,
1:272,274,16,62,
1:272,274,16,62,
1:23,16,49,
1:23,14,7,
1:23,14,7,
1:23,14,7,
1:96,55,15,311,
1:96,55,311,7,
1:96,55,311,7,
1:106,96,311,7,
1:69,312,313,92,
1:62,312,269,313,
1:54,62,312,313,
1:54,312,313,
1:62,312,5,
1:62,312,5,
1:16,312,5,
1:46,66,269,87,
1:46,66,5,
1:46,66,7,5,
1:46,55,66,48,
1:109,62,312,
1:69,312,5,
1:78,312,5,
1:312,5,
1:314,2,62,269,
1:106,314,2,87,
1:314,2,269,7,
1:106,314,2,7,
1:16,312,
1:78,312,5,
1:65,51,48,316,
1:55,48,7,316,
1:55,48,7,316,
1:62,5,316,
1:55,317,48,316,
1:318,16,144,269,
1:319,312,7,5,
1:318,16,144,269,
1:318,58,16,144,
1:112,99,62,48,
1:112,99,50,5,
1:309,99,16,49,
1:112,99,48,243,
1:16,319,312,5,
1:319,62,312,269,
1:23,16,7,
1:23,16,257,
1:23,48,7,
1:23,14,7,
1:5,320,
1:5,320,
1:5,320,
1:23,16,54,
1:23,16,108,
1:110,102,48,
1:110,16,48,
1:110,16,7,
1:312,102,48,
1:312,48,7,
1:312,102,48,
1:312,102,48,
1:312,5,
1:315,312,5,
1:315,312,5,
1:321,312,48,
1:321,312,48,
1:321,312,48,
1:312,313,7,
1:46,52,16,7,
1:46,52,65,51,
1:46,52,69,48,
1:46,52,83,5,
1:62,312,269,
1:16,62,312,
1:51,62,312,
1:16,275,49,
1:16,275,49,
1:65,99,51,48,
1:99,62,5,
1:99,48,322,
1:88,131,114,7,
1:106,62,87,5,
1:58,88,7,
1:323,58,7,
1:28,88,89,5,
1:21,115,141,7,
1:228,179,7,
1:58,7,
1:28,2,7,89,
1:85,58,88,2,
1:179,15,7,
1:28,88,7,89,
1:285,58,59,205,
1:11,13,62,5,
1:62,83,7,
1:28,88,7,89,
1:26,7,89,5,
1:324,190,58,7,
1:158,88,234,123,
1:285,59,73,126,
1:28,85,58,7,
1:28,7,89,5,
1:190,28,58,
1:85,58,59,205,
1:16,192,13,
1:28,58,7,
1:28,159,143,7,
1:26,13,7,5,
1:28,118,88,5,
1:62,7,87,5,
1:28,13,126,114,
1:2,7,87,
1:58,73,283,
1:28,16,88,7,
1:58,7,
1:191,28,158,133,
1:182,85,58,16,
1:62,7,87,5,
1:12,94,118,5,
1:58,59,73,205,
1:58,7,
1:16,2,115,7,
1:58,7,246,
1:16,7,
1:58,283,246,
1:29,58,216,133,
1:23,16,7,
1:58,179,7,
1:16,91,13,7,
1:28,128,252,123,
1:58,283,7,
1:105,7,5,220,
1:105,2,7,5,
1:58,16,70,246,
1:16,2,7,5,
1:28,58,7,89,
1:135,21,3,133,
1:58,283,7,246,
1:58,13,283,
1:190,28,85,7,
1:29,2,115,7,
1:16,2,3,7,
1:28,88,7,89,
1:28,58,7,
1:28,114,7,
1:23,58,13,
1:16,2,7,145,
1:28,13,126,114,
1:28,16,7,89,
1:28,85,88,7,
1:58,7,
1:58,13,283,246,
1:28,58,7,
1:58,16,283,7,
1:29,16,115,144,
1:58,59,7,
1:29,58,13,7,
1:2,32,62,3,
1:29,58,115,7,
1:182,58,205,7,
1:105,2,326,7,
1:16,283,7,
1:28,204,16,7,
1:28,58,16,7,
1:58,314,16,7,
1:58,16,283,7,
1:28,85,7,
1:13,7,
1:16,3,7,5,
1:88,234,133,203,
1:327,328,322,292,
1:327,328,322,292,
1:327,328,322,292,
1:327,328,322,292,
1:327,328,322,292,
1:327,328,322,292,
1:327,48,322,292,
1:327,328,3,292,
1:327,328,48,292,
1:327,328,292,7,
1:65,21,327,292,
1:134,327,126,292,
1:26,328,292,7,
1:327,328,3,292,
1:327,328,44,292,
1:327,328,322,292,
1:327,3,292,7,
1:327,328,44,292,
1:327,44,292,7,
1:2,328,292,7,
1:328,44,292,7,
1:2,328,44,292,
1:328,44,292,7,
1:328,44,292,7,
1:328,44,292,
1:328,44,292,7,
1:328,3,292,
1:328,44,48,292,
1:2,3,292,5,
1:327,3,292,
1:327,328,292,
1:328,44,48,292,
1:328,44,48,292,
1:327,48,292,7,
1:26,3,292,5,
1:88,44,292,7,
1:26,328,44,292,
1:328,44,292,
1:26,2,292,7,
1:327,115,292,
1:327,328,3,292,
1:327,292,329,
1:328,3,44,292,
1:26,3,292,7,
1:327,328,48,292,
1:327,328,207,292,
1:327,328,44,292,
1:328,3,44,292,
1:26,44,48,292,
1:2,328,3,292,
1:328,44,292,7,
1:327,328,48,292,
1:26,327,292,5,
1:327,328,292,
1:26,327,292,7,
1:65,327,322,292,
1:328,44,48,292,
1:327,328,292,7,
1:6,327,3,292,
1:26,327,328,292,
1:327,328,3,292,
1:327,328,292,7,
1:134,65,327,292,
1:28,327,3,292,
1:9,2,3,292,
1:26,2,292,
1:328,3,322,292,
1:21,327,3,292,
1:134,327,328,292,
1:327,328,3,292,
1:327,53,292,5,
1:328,3,44,292,
1:327,48,292,7,
1:327,328,48,292,
1:26,2,292,7,
1:327,328,3,292,
1:328,3,292,7,
1:26,2,328,292,
1:28,65,292,
1:327,328,3,292,
1:327,328,292,7,
1:327,328,3,292,
1:13,328,3,292,
1:327,328,3,292,
1:328,3,44,292,
1:28,327,3,292,
1:327,328,44,292,
1:328,3,44,292,
1:327,2,48,292,
1:328,3,4,292,
1:141,3,174,
1:46,13,47,48,
1:46,108,47,48,
1:46,176,47,48,
1:46,67,244,47,
1:46,48,322,
1:148,13,48,
1:46,129,13,47,
1:46,106,47,48,
1:46,47,
1:46,47,48,
1:46,16,47,48,
1:46,67,47,5,
1:46,67,16,47,
1:46,47,48,
1:46,47,48,322,
1:46,82,47,48,
1:46,67,16,47,
1:46,82,47,48,
1:46,47,48,
1:46,47,48,
1:46,67,47,49,
1:46,16,47,48,
1:46,16,47,48,
1:46,16,47,71,
1:46,47,48,
1:46,16,47,
1:46,16,47,48,
1:46,47,62,48,
1:46,108,47,48,
1:46,82,47,48,
1:46,67,47,48,
1:46,47,62,48,
1:46,50,47,48,
1:46,16,47,49,
1:46,50,47,48,
1:46,82,47,48,
1:46,25,50,47,
1:46,13,47,48,
1:46,129,13,47,
1:46,13,47,306,
1:141,121,174,
1:46,50,47,71,
1:46,47,48,306,
1:46,82,47,48,
1:46,14,82,47,
1:46,28,47,48,
1:46,82,47,48,
1:46,47,48,
1:46,16,47,48,
1:46,291,
1:46,47,48,
1:46,16,47,49,
1:46,47,48,329,
1:46,50,47,71,
1:46,82,47,48,
1:46,50,47,48,
1:46,82,47,48,
1:46,50,47,48,
1:46,47,62,48,
1:46,51,47,48,
1:46,16,47,48,
1:46,67,47,49,
1:46,51,47,48,
1:46,47,48,
1:46,16,47,49,
1:46,16,47,
1:46,16,47,
1:46,25,47,48,
1:46,47,48,31,
1:46,50,47,48,
1:46,47,62,48,
1:46,47,62,48,
1:46,50,47,48,
1:46,65,47,
1:46,82,47,48,
1:46,16,47,49,
1:46,28,47,92,
1:46,16,47,
1:46,67,47,49,
1:46,13,47,306,
1:46,47,147,48,
1:46,47,48,
1:46,47,48,
1:46,67,47,48,
1:46,50,47,48,
1:46,16,47,49,
1:46,82,47,48,
1:46,47,62,48,
1:46,51,47,48,
1:58,2,123,
1:6,2,331,252,
1:13,7,
1:28,216,
1:6,2,3,7,
1:58,16,21,
1:162,59,332,73,
1:2,57,145,5,
1:28,13,128,
1:55,60,7,5,
1:2,91,133,7,
1:58,16,2,
1:28,3,126,151,
1:227,28,111,126,
1:6,2,48,145,
1:6,2,32,3,
1:333,317,13,92,
1:192,13,334,
1:2,62,252,
1:6,16,3,7,
1:13,7,5,
1:26,57,62,5,
1:28,222,13,151,
1:13,126,
1:2,3,145,
1:155,143,13,62,
1:6,2,73,3,
1:176,335,
1:13,151,5,
1:2,331,3,145,
1:28,250,151,121,
1:221,13,57,5,
1:58,189,
1:16,189,97,7,
1:170,13,57,5,
1:28,1,13,126,
1:28,124,151,5,
1:155,28,152,3,
1:155,28,90,173,
1:28,131,3,151,
1:28,142,187,5,
1:28,170,38,3,
1:28,13,306,
1:28,13,151,
1:28,151,121,
1:28,173,178,
1:169,171,13,137,
1:28,124,38,126,
1:2,3,145,89,
1:28,88,2,3,
1:28,171,2,3,
1:13,73,203,
1:28,13,3,151,
1:28,38,3,151,
1:57,326,7,5,
1:28,6,3,151,
1:151,7,
1:28,13,126,151,
1:28,150,13,3,
1:28,171,7,145,
1:63,64,133,
1:105,2,331,5,
1:21,2,3,7,
1:2,57,145,5,
1:28,13,336,121,
1:82,2,62,3,7,
1:28,13,125,233,
1:28,1,13,126,
1:73,62,60,5,
1:59,73,
1:58,2,335,7,
1:2,331,3,48,
1:6,2,331,3,
1:28,126,151,7,
1:65,124,13,334,
1:6,337,2,145,
1:58,2,62,121,
1:28,171,2,138,
1:171,222,13,
1:28,171,13,199,
1:338,115,7,
1:111,13,126,121,
1:28,139,171,
1:2,32,3,48,
1:28,13,151,5,
1:28,2,151,7,
1:173,121,123,
1:157,2,13,225,
1:2,91,48,
1:13,126,
1:333,13,
1:339,13,
1:339,13,
1:339,192,13,
1:339,192,13,
1:139,339,13,
1:13,151,334,
1:13,7,334,
1:13,151,334,
1:309,13,
1:340,13,197,334,
1:192,13,
1:13,89,
1:13,115,
1:340,333,13,
1:13,62,
1:176,340,13,225,
1:340,13,
1:28,340,13,
1:51,340,13,334,
1:13,133,151,
1:333,13,
1:93,340,13,334,
1:340,13,
1:340,333,13,
1:340,13,334,
1:340,13,151,
1:93,340,13,334,
1:340,13,
1:339,340,13,
1:340,13,248,334,
1:339,340,13,
1:192,340,333,13,
1:340,13,334,
1:340,333,13,
1:340,13,248,334,
1:148,340,333,13,
1:192,340,333,13,
1:13,151,334,
1:139,339,13,
1:333,13,
1:13,334,
1:93,333,13,
1:333,13,
1:13,334,
1:333,13,
1:192,333,13,
1:70,333,13,
1:333,13,341,
1:139,342,13,
1:13,7,89,
1:13,334,
1:13,7,334,
1:139,333,13,
1:139,13,
1:139,13,
1:139,333,13,
1:59,333,13,
1:192,13,
1:179,13,334,
1:192,333,13,
1:139,339,13,
1:13,334,
1:339,13,
1:13,89,
1:11,333,13,
1:13,7,
1:339,13,243,
1:13,7,5,
1:13,334,
1:68,333,13,
1:93,339,13,
1:93,13,334,
1:192,333,13,
1:343,13,5,
1:343,182,13,
1:343,70,13,334,
1:343,342,13,334,
1:343,13,
1:343,13,334,
1:343,13,
1:13,121,
1:195,13,
1:195,13,
1:13,234,
1:192,13,334,
1:13,334,
1:333,13,
1:333,13,344,
1:
1:58,222,13,
1:6,21,171,
1:171,222,13,7,
1:345,13,336,
1:202,336,177,
1:169,336,177,197,
1:336,197,
1:21,142,3,7,
1:345,333,13,336,
1:194,342,13,
1:171,222,13,234,
1:2,48,151,
1:171,199,336,177,
1:
1:268,222,13,
1:345,6,171,3,
1:169,13,
1:6,16,3,151,
1:345,171,131,3,
1:2,3,151,
1:16,142,3,121,
1:6,131,3,
1:178,142,3,234,
1:345,6,3,151,
1:6,131,3,151,
1:199,336,92,
1:191,2,234,
1:169,131,3,
1:13,3,151,7,
1:169,62,152,133,
1:169,6,3,
1:143,142,121,
1:6,21,168,
1:13,121,
1:169,197,151,
1:13,131,3,151,
1:158,142,13,
1:
1:90,183,121,
1:222,13,133,123,
1:158,336,5,
1:131,151,7,
1:169,152,197,
1:16,3,151,7,
1:222,13,121,123,
1:169,142,197,
1:183,133,151,
1:345,168,131,3,
1:169,133,
1:169,13,152,197,
1:28,73,131,3,
1:168,3,151,7,
1:169,197,
1:222,13,151,
1:345,168,151,
1:345,168,131,3,
1:13,3,
1:222,13,151,
1:169,152,197,133,
1:131,3,
1:345,3,151,7,
1:191,131,3,151,
1:345,168,7,5,
1:13,334,
1:222,168,13,
1:345,183,59,171,
1:169,152,197,
1:345,3,151,7,
1:183,152,3,
1:345,158,3,151,
1:345,16,168,3,
1:345,6,142,131,
1:28,3,7,
1:183,152,7,
1:345,6,151,5,
1:183,234,151,7,
1:169,183,152,
1:169,183,152,
1:6,136,142,199,
1:345,183,152,
1:199,3,151,7,
1:88,131,
1:169,152,133,121,
1:345,183,152,
1:336,235,152,133,
1:131,151,5,
1:131,3,151,
1:342,13,3,
1:169,152,133,
1:169,152,133,7,
1:178,153,115,3,
1:16,153,115,
1:118,27,3,5,
1:6,215,27,5,
1:28,3,5,
1:26,153,137,5,
1:12,153,3,5,
1:28,250,137,346,
1:6,115,3,
1:120,3,5,
1:102,3,123,
1:12,5,
1:12,154,3,5,
1:28,186,216,115,
1:333,347,142,
1:
1:12,28,189,5,
1:28,16,3,322,
1:12,154,3,5,
1:12,28,5,
1:65,153,
1:12,28,3,5,
1:28,64,137,123,
1:28,131,3,137,
1:28,216,137,123,
1:12,3,5,
1:28,7,5,
1:27,3,5,
1:
1:
1:72,123,
1:28,13,126,
1:28,328,3,292,
1:118,13,120,5,
1:176,128,
1:185,111,120,128,
1:209,156,13,5,
1:12,143,13,5,
1:3,7,
1:12,28,88,5,
1:30,7,5,
1:153,347,13,115,
1:
1:115,292,7,
1:28,16,13,3,
1:153,91,123,
1:185,13,
1:153,13,
1:28,153,3,7,
1:16,3,7,119,
1:216,115,7,
1:158,16,153,3,
1:69,153,347,123,
1:213,13,128,
1:53,62,5,
1:216,153,13,7,
1:314,13,7,
1:188,65,170,
1:16,121,
1:16,88,230,13,
1:342,153,347,13,
1:88,347,13,3,
1:16,347,341,
1:65,240,299,
1:240,13,341,
1:240,13,
1:240,13,341,
1:240,13,128,
1:240,13,
1:240,128,7,123,
1:3,7,5,
1:135,16,21,3,
1:135,348,3,5,
1:127,13,232,7,
1:85,16,3,7,
1:16,216,7,
1:16,3,326,119,
1:193,91,3,7,
1:59,16,189,7,
1:88,13,5,
1:341,141,3,7,
1:36,245,13,
1:13,128,
1:296,62,3,5,
1:6,38,27,3,
1:12,118,3,5,
1:12,212,215,3,
1:127,29,13,
1:13,115,125,7,
1:65,38,3,
1:134,349,322,121,
1:134,349,322,121,
1:134,349,322,121,
1:134,349,322,121,
1:134,349,322,121,
1:134,349,322,121,
1:134,349,322,121,
1:134,349,322,121,
1:134,349,322,121,
1:134,349,322,121,
1:134,349,322,121,
1:134,349,322,121,
1:134,349,322,121,
1:134,349,322,121,
1:134,349,322,121,
1:134,349,322,121,
1:134,349,322,350,
1:134,349,322,350,
1:134,349,351,322,
1:134,349,351,322,
1:134,349,351,322,
1:134,349,322,121,
1:134,349,322,
1:134,349,351,322,
1:134,349,351,322,
1:134,352,351,322,
1:134,352,351,322,
1:134,352,351,322,
1:134,322,350,
1:134,322,350,
1:134,351,322,
1:134,322,7,
1:134,322,7,
1:134,322,350,
1:134,322,350,
1:134,322,350,
1:134,16,322,
1:134,16,322,
1:134,16,322,
1:134,322,350,
1:134,322,350,
1:134,352,322,350,
1:134,322,
1:134,351,322,
1:134,352,322,350,
1:134,322,
1:134,352,351,322,
1:134,322,
1:134,322,
1:134,322,
1:134,322,
1:134,322,
1:134,322,350,
1:134,322,350,
1:134,322,350,
1:134,322,350,
1:134,322,350,
1:134,322,350,
1:134,322,
1:134,351,322,
1:134,352,322,350,
1:134,322,350,
1:134,16,322,
1:134,16,322,
1:134,16,322,
1:134,322,350,
1:134,65,322,
1:134,16,322,
1:134,65,352,322,
1:134,352,322,350,
1:134,352,322,350,
1:134,352,351,322,
1:134,349,16,322,
1:134,352,351,322,
1:134,16,352,322,
1:134,352,322,350,
1:134,16,352,322,
1:134,352,351,322,
1:134,352,322,350,
1:134,16,352,322,
1:134,351,322,
1:134,351,322,
1:134,322,350,
1:134,349,322,
1:134,352,351,322,
1:134,352,322,350,
1:134,352,322,350,
1:134,322,350,
1:134,65,
1:134,65,
1:26,148,3,5,
1:191,26,353,5,
1:26,7,
1:191,26,353,5,
1:191,26,3,
1:191,26,137,133,
1:26,92,
1:26,2,5,
1:191,26,13,353,
1:191,26,133,220,
1:26,134,7,
1:191,26,28,133,
1:191,26,5,
1:191,26,53,5,
1:26,3,5,
1:191,26,3,133,
1:191,26,
1:191,26,188,5,
1:12,26,62,
1:191,26,125,5,
1:191,26,353,5,
1:191,26,135,133,
1:155,26,152,5,
1:26,193,3,
1:191,26,1,3,
1:26,3,353,
1:191,11,26,353,
1:191,26,5,
1:12,26,5,
1:26,134,
1:3,7,5,
1:26,5,
1:8,26,1,5,
1:26,5,
1:191,26,4,7,
1:191,26,133,114,
1:26,1,
1:26,135,3,207,
1:26,7,5,
1:26,2,
1:26,7,5,
1:26,189,5,
1:26,199,5,
1:191,26,133,5,
1:191,26,
1:191,26,
1:26,6,
1:14,26,3,7,
1:191,12,26,353,
1:26,3,5,
1:26,5,
1:26,71,5,
1:191,26,133,5,
1:26,133,121,5,
1:26,5,
1:191,12,26,5,
1:12,89,5,
1:26,328,
1:191,26,53,133,
1:26,3,5,
1:191,26,133,5,
1:26,178,5,
1:28,3,5,
1:26,3,
1:26,7,5,
1:191,26,133,
1:12,26,5,
1:191,12,26,5,
1:191,26,59,353,
1:26,3,5,
1:26,30,5,
1:26,3,5,
1:26,3,5,
1:12,26,5,
1:26,5,
1:26,134,81,
1:191,26,353,5,
1:191,12,26,353,
1:26,2,353,
1:191,26,353,
1:26,5,
1:191,12,26,353,
1:191,26,30,353,
1:191,12,26,353,
1:12,59,5,
1:12,5,
1:26,59,5,
1:26,13,328,
1:3,5,
1:191,26,353,
1:26,5,92,
1:21,354,5,
1:354,7,5,
1:12,212,354,5,
1:2,354,5,
1:2,57,354,5,
1:6,21,2,354,
1:2,13,354,7,
1:6,2,354,71,
1:9,2,354,5,
1:1,354,207,
1:28,1,59,354,
1:26,2,354,5,
1:204,58,354,5,
1:2,13,354,5,
1:2,13,354,
1:21,2,354,5,
1:59,2,354,5,
1:2,57,354,5,
1:354,89,5,
1:12,2,354,5,
1:2,354,5,
1:2,354,89,5,
1:21,354,5,
1:21,354,5,
1:21,62,354,5,
1:55,2,354,5,
1:2,354,5,
1:354,7,5,
1:2,354,7,5,
1:2,57,354,5,
1:21,154,354,5,
1:2,354,48,103,
1:2,354,5,
1:354,89,5,
1:2,57,354,5,
1:354,114,7,5,
1:204,16,88,354,
1:354,114,7,5,
1:11,83,354,5,
1:21,354,89,5,
1:21,88,354,5,
1:2,354,5,
1:354,226,71,5,
1:324,2,354,
1:26,21,354,5,
1:2,354,226,71,
1:12,59,354,5,
1:59,21,13,354,
1:57,354,114,5,
1:58,2,354,114,
1:28,354,126,114,
1:9,2,354,5,
1:354,7,5,
1:104,2,354,5,
1:2,57,354,5,
1:6,58,21,354,
1:30,354,5,
1:85,354,5,
1:21,354,114,5,
1:59,21,354,7,
1:135,29,354,133,
1:135,354,133,121,
1:135,180,354,133,
1:354,71,145,5,
1:58,21,354,145,
1:26,57,354,5,
1:106,58,21,354,
1:21,354,7,
1:188,1,354,7,
1:28,1,354,126,
1:135,21,354,7,
1:26,57,354,5,
1:26,57,354,5,
1:26,57,354,5,
1:135,57,354,5,
1:12,1,354,5,
1:354,27,114,5,
1:188,1,354,5,
1:188,132,354,133,
1:1,354,126,7,
1:1,180,354,122,
1:12,21,354,5,
1:204,216,13,354,
1:219,13,354,7,
1:58,88,354,7,
1:12,6,354,5,
1:135,57,354,5,
1:21,2,354,5,
1:21,62,354,5,
1:2,3,48,5,
1:2,3,48,7,
1:2,3,48,5,
1:2,53,3,5,
1:2,3,7,5,
1:2,53,3,5,
1:9,2,3,48,
1:6,2,3,7,
1:6,189,3,5,
1:236,2,189,5,
1:23,2,7,5,
1:2,3,7,5,
1:2,3,48,7,
1:2,3,48,7,
1:6,2,3,7,
1:6,2,3,7,
1:236,2,3,7,
1:51,268,144,7,
1:59,16,2,48,
1:273,2,3,7,
1:6,2,3,7,
1:2,3,48,7,
1:189,3,7,5,
1:2,189,3,7,
1:236,2,48,7,
1:6,2,3,7,
1:6,2,189,3,
1:2,189,3,7,
1:2,189,3,7,
1:6,2,3,5,
1:189,48,7,5,
1:236,189,3,7,
1:6,189,3,7,
1:2,3,44,7,
1:6,2,3,7,
1:6,3,7,5,
1:6,3,48,5,
1:2,3,48,7,
1:2,3,48,7,
1:273,55,7,5,
1:6,2,3,7,
1:324,273,48,7,
1:2,48,7,5,
1:2,3,48,7,
1:2,3,48,7,
1:110,189,3,7,
1:6,2,3,7,
1:6,314,189,3,
1:6,2,189,3,
1:6,2,3,48,
1:65,59,54,189,
1:324,46,189,7,
1:2,226,3,71,
1:2,189,3,48,
1:2,3,48,7,
1:6,2,3,48,
1:56,189,7,5,
1:65,59,54,189,
1:2,189,13,48,
1:6,2,189,3,
1:6,2,13,3,
1:6,2,3,48,
1:6,2,102,3,
1:314,2,3,7,
1:6,2,3,7,
1:2,3,7,5,
1:6,2,3,7,
1:9,189,62,5,
1:6,2,189,3,
1:2,3,48,7,
1:6,2,3,5,
1:6,2,3,7,
1:26,189,62,5,
1:6,2,3,7,
1:6,2,3,7,
1:6,2,3,7,
1:6,2,3,5,
1:2,3,7,5,
1:2,189,3,7,
1:6,2,3,5,
1:6,2,189,3,
1:6,2,3,48,
1:2,189,3,7,
1:2,3,48,7,
1:2,3,7,5,
1:2,57,3,7,
1:2,3,48,7,
1:2,3,48,7,
1:6,2,3,7,
1:2,189,3,7,
1:309,13,7,92,
1:9,71,5,
1:157,13,7,
1:16,172,7,
1:88,70,2,3,
1:14,16,63,7,
1:58,16,3,7,
1:16,107,62,3,
1:221,3,308,290,
1:355,356,129,
1:105,244,107,220,
1:16,115,145,
1:23,14,3,
1:88,70,7,145,
1:16,189,7,289,
1:82,121,92,
1:309,65,13,344,
1:189,62,3,
1:88,70,7,89,
1:28,13,121,
1:124,70,3,7,
1:124,70,13,3,
1:63,189,62,3,
1:14,221,141,7,
1:134,221,115,3,
1:124,54,13,344,
1:68,13,115,
1:154,74,7,5,
1:28,154,3,7,
1:172,244,84,220,
1:14,16,3,
1:14,260,3,7,
1:14,90,54,7,
1:130,54,13,
1:63,88,70,
1:65,13,
1:28,154,74,5,
1:16,189,
1:58,16,289,
1:63,62,3,
1:14,3,7,
1:16,63,13,92,
1:14,16,7,
1:130,13,
1:357,62,3,
1:16,63,7,
1:28,74,5,
1:124,13,
1:70,2,7,145,
1:250,62,3,
1:14,172,3,7,
1:16,7,5,
1:250,82,41,121,
1:221,3,290,5,
1:23,14,7,5,
1:93,13,115,7,
1:16,3,7,
1:58,16,3,
1:
1:28,106,245,
1:124,70,3,7,
1:16,3,5,
1:16,7,289,
1:16,189,91,
1:82,192,121,
1:58,172,2,145,
1:201,3,7,121,
1:62,3,7,
1:201,62,7,
1:201,3,207,7,
1:6,172,2,3,
1:124,157,13,
1:28,70,7,145,
1:9,3,7,5,
1:14,16,7,
1:106,16,63,2,
1:288,13,3,7,
1:14,6,3,7,
1:58,16,3,289,
1:14,3,7,
1:58,172,7,
1:88,70,13,
1:16,3,7,
1:65,62,3,
1:28,13,248,247,
1:84,5,220,
1:3,7,121,
1:53,3,7,5,
1:58,16,289,
1:59,15,73,
1:51,132,133,
1:16,303,132,133,
1:158,16,132,133,
1:16,132,133,
1:6,132,152,133,
1:6,132,133,
1:235,132,152,
1:132,133,123,
1:219,142,132,133,
1:142,132,133,7,
1:142,132,7,
1:142,132,133,7,
1:142,132,133,7,
1:16,303,115,132,
1:303,132,133,346,
1:2,132,151,7,
1:132,133,151,7,
1:2,132,7,
1:219,132,133,151,
1:219,132,133,7,
1:132,152,133,
1:132,152,133,
1:235,132,152,133,
1:235,132,152,133,
1:132,133,151,
1:235,132,152,133,
1:132,3,133,151,
1:219,132,133,151,
1:132,7,121,
1:235,132,121,
1:235,132,121,
1:6,132,138,133,
1:6,132,133,7,
1:6,132,133,
1:6,132,133,
1:82,132,152,133,
1:6,303,132,133,
1:6,303,132,133,
1:303,132,133,
1:303,132,133,
1:303,132,133,
1:219,303,132,133,
1:6,303,132,133,
1:132,133,5,
1:132,113,3,5,
1:132,113,133,5,
1:16,132,3,133,
1:132,133,7,5,
1:106,219,132,133,
1:11,16,132,133,
1:6,16,2,132,
1:303,132,138,
1:132,133,151,121,
1:132,3,133,151,
1:2,303,132,
1:303,132,138,133,
1:51,132,133,
1:132,152,133,121,
1:164,132,152,133,
1:132,152,133,
1:6,303,132,
1:6,303,132,133,
1:132,133,7,
1:6,303,132,133,
1:132,3,133,151,
1:132,3,133,151,
1:183,132,152,133,
1:132,133,151,
1:132,152,133,
1:132,152,121,
1:28,132,133,
1:28,149,132,133,
1:149,132,7,
1:303,132,133,
1:82,132,152,133,
1:235,132,152,
1:13,132,133,
1:106,303,132,133,
1:1,16,132,133,
1:132,152,133,
1:333,132,152,133,
1:132,152,133,
1:16,132,133,
1:6,132,133,
1:158,142,132,133,
1:16,132,133,
1:16,2,132,133,
1:235,132,152,133,
1:6,132,3,133,
1:6,132,138,133,
1:298,113,5,
1:298,5,
1:62,298,
1:65,51,298,
1:254,65,51,298,
1:65,358,62,298,
1:358,62,298,
1:358,62,298,
1:358,62,298,
1:254,182,62,298,
1:294,83,3,5,
1:294,21,83,3,
1:359,294,83,
1:294,83,3,5,
1:294,83,3,5,
1:53,5,
1:11,5,320,
1:294,21,83,3,
1:294,83,3,7,
1:294,83,3,
1:294,21,83,3,
1:294,2,83,3,
1:173,294,83,
1:293,294,21,83,
1:294,21,83,3,
1:294,57,5,
1:106,294,83,
1:294,21,3,
1:23,294,83,
1:23,3,5,
1:23,5,
1:23,294,5,
1:23,294,83,
1:94,3,
1:23,5,
1:23,65,
1:
1:23,62,5,
1:28,265,
1:23,265,5,
1:23,265,5,
1:23,265,5,
1:23,65,265,
1:23,65,51,265,
1:294,62,83,5,
1:94,79,62,3,
1:11,94,5,
1:12,294,27,
1:62,133,
1:293,54,
1:6,94,236,3,
1:9,3,145,5,
1:21,84,83,3,
1:293,62,83,
1:295,6,62,3,
1:295,6,3,145,
1:293,21,3,
1:293,21,3,
1:56,57,7,5,
1:8,315,83,5,
1:21,315,5,
1:21,315,
1:359,293,64,
1:359,293,83,
1:65,51,263,
1:65,263,83,
1:65,263,83,
1:23,293,83,
1:23,65,51,
1:359,65,51,
1:294,21,83,3,
1:65,62,83,313,
1:293,73,83,
1:293,83,7,
1:65,360,73,
1:300,221,317,7,
1:293,221,51,308,
1:221,51,308,290,
1:293,64,
1:288,360,62,5,
1:293,83,3,
1:359,293,361,83,
1:360,62,5,
1:51,53,5,
1:83,64,
1:14,362,3,7,
1:65,51,164,
1:293,164,62,
1:268,62,5,
1:293,164,62,
1:33,34,3,
1:6,33,34,
1:6,33,34,
1:6,33,34,
1:6,33,34,
1:33,34,3,
1:33,2,34,
1:33,34,44,
1:33,34,3,
1:6,33,34,
1:33,34,3,
1:33,34,3,
1:33,34,71,
1:6,33,34,
1:33,34,35,
1:33,34,35,
1:33,34,
1:33,34,7,
1:54,33,34,
1:33,34,3,
1:6,33,34,
1:34,41,
1:33,34,3,
1:19,33,34,
1:6,33,34,
1:33,34,
1:33,34,44,
1:33,34,3,
1:33,34,3,
1:54,33,34,
1:33,34,3,
1:33,34,3,
1:6,33,34,
1:33,13,34,
1:33,34,3,
1:33,34,3,
1:6,33,34,
1:33,34,
1:6,33,34,
1:33,34,
1:6,33,34,
1:6,33,34,
1:33,34,3,
1:6,33,34,
1:33,34,3,
1:6,33,34,
1:54,33,34,
1:33,34,35,
1:33,34,35,
1:33,34,44,
1:6,33,34,
1:6,33,34,
1:33,34,35,
1:6,34,41,
1:33,34,
1:33,34,3,
1:33,34,44,
1:33,34,3,
1:33,34,3,
1:33,34,35,
1:33,34,
1:33,34,3,
1:33,34,35,
1:39,41,3,
1:33,34,3,
1:33,34,35,
1:33,34,3,
1:33,34,3,
1:34,41,3,
1:6,33,34,
1:6,33,34,
1:33,34,3,
1:33,34,3,
1:33,34,
1:33,34,4,
1:33,34,44,
1:6,33,34,
1:33,34,
1:33,34,3,
1:33,34,3,
1:33,34,3,
1:33,34,44,
1:6,33,34,
1:34,41,3,
1:33,34,35,
1:33,34,35,
1:33,34,
1:33,34,3,
1:6,33,34,
1:39,363,
1:11,13,253,
1:11,83,3,5,
1:13,83,218,5,
1:11,13,83,5,
1:192,13,
1:11,28,83,5,
1:11,13,83,5,
1:11,62,83,5,
1:11,13,83,5,
1:11,83,7,5,
1:11,62,83,5,
1:11,83,3,5,
1:11,83,3,7,
1:13,83,7,5,
1:11,28,83,5,
1:11,28,83,5,
1:11,13,83,5,
1:11,83,3,5,
1:12,30,3,5,
1:11,12,83,5,
1:13,3,7,5,
1:11,105,83,5,
1:13,83,3,5,
1:11,13,83,5,
1:11,13,83,218,
1:11,83,3,5,
1:11,83,3,5,
1:30,83,3,7,
1:11,83,7,5,
1:11,13,5,
1:11,83,7,5,
1:11,83,3,5,
1:11,13,83,5,
1:11,83,3,5,
1:11,83,3,5,
1:11,13,83,5,
1:11,62,83,3,
1:83,3,7,5,
1:11,83,3,5,
1:11,13,83,5,
1:11,13,62,5,
1:11,13,83,5,
1:11,13,83,5,
1:11,13,83,5,
1:11,83,3,5,
1:12,83,3,5,
1:11,83,3,5,
1:11,15,7,5,
1:11,3,7,
1:11,13,83,5,
1:185,13,83,5,
1:13,95,3,5,
1:23,13,83,5,
1:11,13,3,5,
1:28,95,83,7,
1:11,13,83,5,
1:70,83,3,7,
1:11,79,13,5,
1:11,13,83,5,
1:11,83,3,5,
1:11,13,7,5,
1:11,13,83,218,
1:13,62,3,7,
1:11,28,83,3,
1:11,83,3,5,
1:11,13,83,3,
1:28,62,7,5,
1:13,62,83,5,
1:11,83,3,218,
1:11,28,83,5,
1:11,13,83,
1:13,83,3,5,
1:11,83,218,5,
1:11,28,83,5,
1:11,13,83,5,
1:11,13,83,5,
1:13,83,218,5,
1:11,13,95,3,
1:62,95,83,5,
1:62,95,83,5,
1:13,83,7,5,
1:11,13,83,
1:11,28,83,5,
1:11,28,7,5,
1:11,13,83,7,
1:95,83,3,5,
1:11,62,3,5,
1:13,83,7,5,
1:11,13,83,5,
1:11,83,3,5,
1:254,273,58,7,
1:273,275,48,7,
1:254,273,48,7,
1:254,273,58,7,
1:254,273,58,7,
1:254,273,48,7,
1:254,273,55,7,
1:254,273,58,16,
1:309,266,271,16,
1:266,16,3,48,
1:309,266,271,16,
1:14,106,99,48,
1:65,266,55,51,
1:266,271,55,7,
1:266,236,7,
1:99,62,48,81,
1:182,58,16,276,
1:254,58,276,5,
1:364,276,7,5,
1:254,58,16,276,
1:2,62,48,
1:293,62,3,
1:293,62,
1:3,48,7,
1:106,62,48,
1:3,48,7,
1:300,51,268,
1:6,3,48,
1:365,366,7,
1:309,364,83,
1:314,2,62,7,
1:359,16,21,3,
1:359,106,58,16,
1:359,58,16,21,
1:359,65,51,268,
1:359,2,62,48,
1:106,16,62,316,
1:309,67,7,316,
1:51,62,7,316,
1:55,51,48,316,
1:110,55,62,7,
1:16,263,69,365,
1:110,3,48,7,
1:58,16,365,256,
1:309,46,67,66,
1:46,66,7,5,
1:309,46,67,66,
1:46,65,66,51,
1:46,66,5,
1:46,66,5,
1:65,319,
1:58,16,54,313,
1:3,48,7,
1:16,5,
1:14,51,5,
1:51,69,5,
1:25,16,
1:309,25,3,
1:51,7,308,
1:14,3,7,
1:69,319,48,7,
1:58,16,51,321,
1:263,69,365,7,
1:51,62,4,
1:54,313,7,
1:58,16,7,
1:51,69,
1:105,109,99,62,
1:99,62,102,3,
1:106,99,16,100,
1:309,358,298,48,
1:309,358,298,48,
1:309,358,298,48,
1:309,67,311,7,
1:309,67,69,311,
1:311,62,48,7,
1:96,65,51,7,
1:96,109,51,62,
1:51,263,69,365,
1:367,51,48,7,
1:14,55,7,
1:53,62,5,
1:69,365,7,
1:69,365,7,
1:263,73,365,4,
1:
1:263,69,365,7,
1:263,365,
1:293,365,366,
1:293,365,83,366,
1:368,13,22,
1:368,13,22,
1:157,13,
1:59,79,74,
1:368,13,22,
1:368,13,22,
1:368,13,22,
1:11,368,13,5,
1:94,62,5,
1:11,368,13,5,
1:368,13,22,
1:11,3,71,5,
1:11,13,83,5,
1:13,113,22,
1:369,13,74,7,
1:11,368,7,5,
1:11,369,13,5,
1:11,94,369,5,
1:369,13,
1:11,369,13,62,
1:11,94,369,5,
1:369,3,71,7,
1:295,369,62,7,
1:11,369,13,5,
1:11,369,3,5,
1:58,21,369,7,
1:295,45,369,62,
1:11,369,83,5,
1:11,369,13,83,
1:369,3,5,
1:21,369,7,5,
1:11,369,83,5,
1:11,369,13,
1:295,369,62,3,
1:59,368,151,7,
1:11,154,13,
1:16,154,7,
1:11,368,3,5,
1:88,370,153,7,
1:78,368,371,
1:11,28,368,13,
1:28,3,137,
1:78,368,371,
1:11,28,368,5,
1:11,12,368,13,
1:16,142,7,
1:78,368,187,
1:11,368,7,5,
1:11,12,368,13,
1:6,38,368,3,
1:368,74,151,7,
1:11,368,71,7,
1:370,74,7,
1:370,322,292,
1:158,370,137,
1:188,16,369,7,
1:372,370,373,5,
1:11,370,13,7,
1:28,370,
1:16,369,7,
1:11,370,13,5,
1:11,12,370,13,
1:58,370,5,
1:12,370,5,
1:11,370,7,5,
1:11,374,13,
1:169,370,3,7,
1:12,370,5,
1:28,6,374,3,
1:11,374,7,5,
1:14,374,64,
1:374,201,7,5,
1:11,374,7,5,
1:374,62,
1:374,115,3,
1:56,374,84,7,220,
1:65,374,
1:11,374,7,5,
1:188,374,3,7,
1:58,374,
1:374,62,3,
1:11,374,7,5,
1:12,374,3,5,
1:369,13,
1:59,369,7,
1:216,369,13,
1:12,165,369,13,
1:285,59,370,73,
1:369,13,
1:323,179,
