4.048:9,3,145,5,
7.418:295,62,145,5,
3.597:21,2,3,7,
8.227:59,368,151,7,
5.442:28,3,126,
6.103:65,99,51,48,
6.919:45,79,5,
7.076:309,23,260,
6.189:58,279,216,278,
5.652:65,59,15,
4.625:46,51,47,48,
6.86:28,3,119,
7.096:186,13,126,
5.637:309,46,67,66,
8.476:189,48,7,5,
5.045:16,189,91,
3.015:258,37,3,
5.224:6,132,152,133,
5.185:6,303,132,133,
6.379:93,340,13,334,
4.745:11,62,3,5,
3.582:28,1,3,5,
5.008:53,137,5,
4.757:2,83,3,145,
5.257:12,13,5,22,
4.77:237,91,48,7,
4.997:338,115,7,
6.219:104,110,57,5,
5.892:99,16,62,
4.601:29,88,3,126,
6.315:28,216,13,126,
7.503:59,148,133,7,
6.413:146,59,88,
5.14:110,21,3,48,
5.484:26,57,354,5,
6.489:104,55,99,7,
6.727:82,132,152,133,
4.252:99,69,101,48,
5.905:96,16,83,97,
6.375:327,328,322,292,
7.276:11,94,45,83,
4.414:28,3,138,
5.255:374,62,3,
5.821:98,96,16,97,
5.414:58,7,
7.19:28,59,160,7,
8.489:98,96,55,97,
5.477:345,6,3,151,
6.636:279,16,216,278,
4.851:262,263,264,5,
5.315:46,5,
7.2:28,154,142,7,
8.026:109,99,108,62,
4.66:134,16,322,
5.551:96,55,16,97,
6.815:65,360,73,
7.401:11,18,3,7,
6.839:98,96,55,97,
6.045:59,88,13,5,
7.121:46,47,48,49,
7.832:288,16,54,5,
6.344:136,13,133,121,
5.175:26,3,5,
3.457:46,47,48,
3.972:238,50,48,5,
6.754:176,125,233,208,
5.79:59,16,205,
5.264:314,2,62,7,
6.809:28,153,141,126,
5.95:132,152,133,
7.764:106,219,132,133,
4.479:58,172,2,145,
6.72:158,88,234,123,
6.045:2,354,7,5,
5.474:16,21,3,7,
6.342:58,279,216,278,
8.637:1,172,7,
3.088:6,33,34,
7.756:96,55,311,7,
6.62:13,74,302,5,
6.894:99,54,107,43,
4.817:136,168,13,7,
5.258:266,16,267,
8.147:96,62,97,5,
4.236:59,15,73,
3.992:12,105,13,5,
4.73:188,21,3,7,
6.019:12,26,5,
3.531:6,34,41,
8.058:15,73,248,
7.98:345,3,151,7,
6.77:11,13,5,
5.265:2,189,3,7,
5.381:12,83,3,5,
5.648:16,153,115,
6.197:29,279,216,
6.604:28,13,306,
3.847:134,352,351,322,
5.088:16,113,3,5,
5.887:258,16,257,
4.994:46,50,47,48,
4.844:28,70,7,145,
4.17:2,354,5,
6.715:11,13,83,5,
7.001:160,88,206,7,
6.114:23,265,5,
7.387:125,141,126,121,
4.206:33,34,35,
2.803:46,82,47,48,
4.573:116,3,71,114,
7.09:13,151,334,
3.484:11,83,3,5,
7.015:13,125,126,218,
6.341:59,15,
4.737:23,37,5,
2.615:33,34,3,
3.411:33,34,3,44,
7.255:244,2,132,145,
8.022:134,13,102,126,
6.492:293,2,7,145,
7.344:285,286,59,242,
6.495:266,268,7,267,
4.62:46,47,48,
5.155:46,50,47,48,
6.681:28,154,137,
6.135:13,74,302,5,
5.584:273,16,61,
4.439:6,94,13,
7.109:46,47,49,
4.936:3,7,5,
4.86:194,188,13,
6.251:28,3,123,
4.748:26,7,5,
9.15:77,78,73,10,
5.612:134,352,322,350,
2.419:33,34,3,
7.645:12,13,5,
8.027:13,74,302,5,
5.738:58,279,216,278,
3.632:33,34,35,
6.44:105,99,62,102,
4.078:152,102,137,133,
5.936:96,16,97,5,
6.451:279,216,278,7,
5.258:134,16,352,322,
6.309:368,74,151,7,
6.024:26,44,48,292,
8.61:15,73,
5.596:273,2,3,7,
4.951:6,58,21,354,
6.309:135,21,354,7,
6.104:13,133,151,
4.58:13,199,133,151,
5.395:65,263,83,
5.927:28,88,7,89,
8.316:15,18,73,
5.052:21,354,7,
3.98:134,322,350,
3.884:136,157,125,
5.615:148,340,333,13,
9.642:55,276,48,103,
6.873:13,253,7,
5.957:12,213,13,126,
2.383:33,34,3,
6.44:104,99,16,62,
6.299:237,50,7,
6.465:176,128,
3.887:265,62,
5.722:13,7,
4.394:6,2,3,7,
6.855:21,2,354,5,
5.773:188,16,369,7,
6.526:62,7,87,5,
5.743:266,267,
4.499:11,13,83,5,
3.524:309,358,298,48,
7.527:157,13,125,
6.738:23,14,260,
7.892:28,188,184,3,
5.703:6,110,63,3,
4.787:327,328,3,292,
6.633:28,141,3,174,
5.401:6,21,2,354,
3.398:294,21,83,3,
4.979:237,50,239,5,
9.704:23,16,260,
6.253:28,3,
7.121:13,74,302,5,
5.389:13,7,
7.226:134,327,328,292,
6.415:185,13,
6.958:
5.74:26,57,354,5,
5.368:46,13,47,48,
3.257:237,3,71,7,
3.658:28,199,102,133,
4.228:303,83,234,133,
7.036:58,279,216,278,
4.209:46,47,48,
6.125:94,21,5,22,
6.362:96,16,97,5,
4.933:134,349,322,350,
6.528:130,54,13,
5.681:191,26,53,133,
6.087:2,3,145,
9.367:169,151,7,
4.863:262,263,264,62,
8.222:23,260,
5.285:26,57,354,5,
4.679:16,21,3,5,
5.188:134,16,322,
4.09:134,352,322,350,
7.135:158,336,5,
4.884:63,88,70,
4.662:38,3,7,5,
5.084:272,254,274,3,
6.268:13,74,302,5,
3.622:6,24,3,4,
5.624:13,7,89,
9.498:228,179,7,
5.136:56,374,84,7,220,
7.304:59,15,73,20,
5.655:188,201,121,
5.556:56,189,7,5,
4.662:11,28,83,5,
6.499:2,62,252,
6.473:110,63,48,
7.619:96,97,5,
5.482:141,121,174,
5.931:59,2,3,211,
8.974:204,160,16,7,
7.465:104,110,55,
1.925:19,4,81,
8.577:23,14,260,
6.473:28,58,7,
5.577:16,3,7,145,
6.503:295,62,83,145,
5.852:13,302,
8.874:157,13,125,
4.688:19,27,113,5,
6.412:46,52,55,15,
4.597:6,10,3,4,
4.131:33,34,35,
4.474:93,333,13,
6.062:28,38,3,121,
7.183:58,16,70,246,
5.103:219,303,132,133,
6.609:16,189,97,7,
5.177:158,13,126,121,
6.314:191,26,137,133,
5.221:28,6,3,122,
8.31:59,157,13,125,
4.477:46,16,47,71,
8.126:288,62,7,5,
4.381:57,326,7,5,
6.279:55,99,16,63,
6.742:28,142,187,5,
4.382:57,354,114,5,
7.467:340,333,13,
5.155:23,307,7,
9.218:272,65,51,276,
8.298:75,79,86,
8.312:204,59,160,7,
7.601:279,216,278,7,
6.446:58,237,54,48,
4.332:16,113,5,
7.167:28,19,126,
6.571:16,3,151,7,
5.633:58,222,13,
9.404:28,193,131,207,
5.229:65,51,298,
4.634:58,21,354,145,
6.124:112,99,51,48,
6.933:262,264,5,
6.532:28,88,5,
9.076:59,160,7,
6.003:58,279,216,278,
5.914:228,59,217,
3.852:46,16,47,48,
5.5:12,28,7,5,
3.558:23,3,5,
6.077:149,132,7,
8.841:266,48,267,92,
6.501:58,279,216,
6.981:28,219,199,
3.28:45,33,34,
3.55:303,83,152,133,
5.279:166,5,
8.205:13,115,
8.027:194,195,13,121,
4.745:58,59,160,211,
6.318:79,83,10,
6.509:12,88,13,5,
5.303:237,3,7,
4.813:12,21,354,5,
8.293:59,160,88,123,
3.035:13,303,83,133,
6.204:16,312,5,
9.529:59,160,7,
4.66:238,50,111,152,
5.773:214,3,207,
4.413:58,172,7,
3.902:6,33,34,
7.47:28,13,125,126,
6.503:28,134,126,
7.466:345,183,152,
4.424:118,3,5,
5.24:179,13,334,
7.768:2,328,44,292,
4.827:46,291,
5.123:16,2,132,133,
4.401:2,132,151,7,
5.079:204,216,13,354,
5.574:295,21,83,145,
4.783:6,95,3,5,
6.794:28,13,3,126,
8.899:58,59,217,211,
7.856:96,62,97,5,
7.792:94,5,22,
4.69:340,333,13,
5.855:26,133,121,5,
4.42:12,21,3,5,
5.172:28,156,189,7,
6.048:126,114,7,
5.011:46,47,62,48,
5.055:368,13,22,
5.059:
5.436:21,88,354,5,
6.62:28,85,7,
6.715:65,15,73,
1.622:19,4,71,
7.089:324,190,58,7,
3.707:12,19,5,
5.393:58,16,283,7,
7.702:28,74,
3.865:6,2,102,3,
5.803:28,61,189,13,
5.229:2,13,145,
6.679:28,134,3,126,
4.84:191,12,26,5,
7.423:75,79,
8.653:28,154,122,126,
7.541:13,126,
5.948:58,50,48,
5.008:16,7,289,
4.347:13,83,7,5,
4.254:33,2,34,
5.998:58,276,7,
5.384:238,50,48,5,
9.482:250,59,160,7,
3.671:46,66,61,5,
7.201:28,153,3,7,
5.027:88,172,131,7,
8.137:255,62,256,
3.868:46,47,48,
4.489:12,28,3,5,
9.857:272,16,276,7,
6.7:262,264,62,5,
6.542:309,266,271,16,
6.22:28,118,88,5,
3.431:368,13,22,
4.664:46,51,47,48,
5.178:99,102,48,103,
3.801:28,111,180,
3.84:23,37,
4.889:16,2,3,145,
7.023:110,53,5,
6.359:28,48,7,103,
6.208:16,7,5,289,
6.49:29,58,237,
6.446:327,2,48,292,
5.008:272,274,65,16,
6.657:13,74,302,5,
6.598:13,328,3,292,
4.699:274,62,3,122,
5.861:94,16,21,3,
5.093:16,3,7,
5.622:295,62,83,145,
4.749:75,76,79,86,10,
7.137:23,260,
6.276:13,74,302,5,
3.262:28,1,3,
4.959:96,16,97,5,
3.24:13,113,22,
7.283:23,265,5,
2.752:33,34,3,
5.943:55,99,48,92,
5.915:11,12,71,5,
6.227:237,179,50,
6.227:16,3,48,
5.859:28,59,3,5,
8.218:72,125,126,
4.21:12,26,5,
4.972:194,13,3,
4.478:28,1,122,71,
7.12:11,15,7,5,
6.591:65,15,73,
5.187:191,26,133,5,
5.234:134,349,322,350,
8.601:209,59,160,7,
5.234:12,28,189,5,
6.295:191,146,136,156,
8.52:72,13,125,126,
6.108:
3.414:23,259,37,
7.249:23,259,62,
5.949:2,73,3,145,
5.938:134,322,350,
5.389:88,70,7,89,
5.53:28,3,207,7,
4.049:99,62,48,81,
6.547:28,134,126,7,
4.099:5,320,
8.469:38,13,5,
4.606:201,3,5,
6.443:45,63,2,3,
6.478:2,3,151,
4.526:11,368,7,5,
6.54:88,30,89,5,
6.054:6,136,142,199,
9.976:11,166,62,20,
7.295:6,58,59,
5.738:85,131,3,123,
3.529:65,266,55,51,
5.586:13,126,121,
4.763:42,33,34,3,
9.204:58,283,7,246,
5.965:26,134,7,
6.433:279,16,216,278,
5.211:152,137,133,151,
7.701:189,73,5,
5.918:124,70,3,7,
4.677:23,14,7,
6.294:99,16,63,43,
6.736:13,74,302,5,
5.224:46,16,47,49,
7.589:59,15,73,
6.455:309,13,
6.826:96,55,311,7,
4.662:254,273,58,16,
7.535:29,160,15,
6.545:345,171,131,3,
4.78:13,152,137,133,
6.281:158,370,137,
7.525:105,113,114,5,
6.096:28,3,126,
4.19:96,55,51,97,
5.763:58,279,216,278,
5.381:6,38,368,3,
6.62:240,237,196,50,
5.964:46,47,49,5,
5.435:6,16,4,5,
7.542:13,74,302,5,
5.995:136,148,157,13,
5.118:169,152,133,7,
8.047:240,13,
4.255:33,34,7,
6.63:12,96,88,5,
5.262:178,3,151,7,
4.929:94,21,5,22,
6.719:6,21,142,5,
6.704:11,13,83,
6.045:29,279,216,
4.72:51,62,7,316,
6.125:113,3,121,119,
3.248:293,83,
6.329:58,279,216,278,
5.123:339,13,243,
4.797:134,352,351,322,
5.13:23,5,
5.587:6,142,5,
4.328:16,199,133,151,
6.64:250,82,41,121,
6.042:194,188,160,13,
9.141:15,73,
4.296:54,290,5,
5.641:11,28,83,5,
7.429:125,126,
6.732:13,234,
5.033:134,351,322,
6.618:160,88,206,
7.534:105,7,5,220,
6.341:28,152,126,7,
5.579:88,2,3,126,
4.97:293,83,145,5,
6.327:240,13,341,
6.393:23,260,7,
3.249:6,10,4,22,
6.005:54,290,
7.093:173,59,132,151,
5.231:158,16,132,133,
4.628:11,13,62,5,
5.21:26,193,3,
5.071:221,275,34,290,
4.43:65,51,263,
6.454:28,141,
6.469:59,15,217,211,
8.041:2,62,145,
5.5:223,62,83,299,
4.34:53,5,
