4.671:290,5,
6.781:13,302,5,
5.556:56,189,7,5,
5.299:236,2,3,7,
9.431:59,160,172,
3.806:294,21,83,3,
5.505:6,189,3,7,
3.414:21,369,7,5,
5.374:26,189,5,
3.547:29,3,5,119,
5.66:309,99,16,49,
5.404:131,3,151,
5.585:12,28,3,5,
3.454:300,51,268,
4.296:54,290,5,
4.943:110,3,48,7,
5.726:28,88,7,89,
5.802:290,5,
6.404:170,3,126,7,
2.615:33,34,3,
5.544:94,21,3,5,
6.945:23,7,
6.029:303,132,133,
7.351:172,7,
4.306:34,3,7,
7.542:13,74,302,5,
8.173:58,279,216,278,
6.815:327,3,292,
9.442:204,16,7,145,
4.738:58,16,3,
8.518:85,58,59,211,
6.876:16,113,5,
5.549:94,21,5,22,
7.601:279,216,278,7,
5.773:305,137,133,7,
6.238:153,13,
5.395:65,59,15,73,
6.902:254,273,55,7,
6.305:135,6,136,147,
7.261:62,83,7,
6.705:21,354,5,
5.859:28,59,3,5,
7.988:28,3,89,5,
4.998:6,189,3,5,
6.559:88,70,7,
5.518:195,13,125,
5.031:6,3,4,7,
6.406:28,1,122,
4.011:46,58,16,66,
5.229:23,307,260,
6.351:
6.191:96,55,97,5,
6.143:11,368,7,5,
6.059:46,52,48,
7.739:204,123,
7.846:59,16,7,
5.033:46,47,62,48,
6.9:13,302,121,
6.732:13,234,
6.63:12,96,88,5,
2.762:293,19,71,5,
8.481:129,62,113,
3.799:65,94,5,
7.321:88,347,13,3,
5.316:254,58,276,5,
2.845:42,33,34,3,
7.171:96,16,51,97,
5.819:13,126,7,
8.302:16,275,7,289,
5.149:16,3,
7.371:28,134,126,
5.693:58,279,216,278,
4.678:21,2,5,
4.266:6,53,71,5,
6.755:26,328,44,292,
5.587:15,73,248,
5.099:11,83,7,5,
4.347:13,83,7,5,
4.602:46,51,47,48,
4.856:33,34,44,
6.004:23,105,260,92,
3.884:6,3,4,
6.176:58,3,7,
4.2:112,106,99,48,
2.632:42,33,34,3,
4.651:169,197,
6.169:237,50,7,
6.054:85,3,7,
9.791:94,59,21,5,
6.779:209,156,13,5,
6.703:2,189,3,48,
4.497:136,3,207,7,
2.205:33,34,3,
5.58:6,142,3,207,
5.771:23,260,257,
6.287:156,111,142,53,
3.669:155,28,152,3,
7.699:75,79,86,
5.596:273,2,3,7,
7.758:16,347,341,
6.464:2,57,354,5,
6.628:59,16,131,123,
4.897:110,17,102,48,
8.657:327,328,292,7,
6.446:327,2,48,292,
5.616:300,221,317,7,
7.872:176,120,177,128,
4.304:2,3,
8.595:274,16,21,
5.055:368,13,22,
5.047:11,83,3,5,
5.896:240,237,238,50,
6.412:70,244,133,
9.123:53,113,5,289,
5.35:134,349,322,121,
5.711:29,279,216,
3.881:33,34,3,44,
6.104:96,16,97,5,
7.903:75,78,79,10,161,
5.061:65,59,15,73,
6.818:328,44,292,7,
6.089:16,3,7,289,
5.825:327,328,3,292,
5.121:46,47,62,48,
5.243:2,83,3,145,
5.958:345,6,151,5,
4.724:160,13,
7.411:28,126,7,
3.68:135,348,3,5,
6.669:221,275,3,5,
3.99:134,322,
6.173:303,132,133,346,
7.274:28,13,74,114,
5.965:26,134,7,
7.091:28,38,126,7,
4.69:116,65,113,114,
4.969:13,120,
7.491:182,183,160,137,
5.637:309,46,67,66,
5.83:28,170,38,3,
6.656:314,13,7,
6.197:29,279,216,
7.797:59,15,217,203,
7.255:2,328,292,7,
2.694:6,33,34,
4.916:134,349,322,
7.495:23,14,260,
6.479:240,13,128,
5.24:12,176,157,13,
5.571:3,137,7,
6.962:28,134,126,7,
3.933:112,99,51,48,
7.433:300,15,248,7,
6.17:16,34,7,289,
4.545:333,13,344,
5.868:98,96,55,97,
4.454:11,13,83,5,
7.22:96,62,97,5,
7.332:28,216,137,123,
6.043:59,217,282,
5.151:2,354,5,
7.566:104,106,99,62,
6.028:110,63,17,48,
5.61:19,71,7,5,
4.589:63,62,3,
5.514:58,16,216,7,
4.888:191,26,125,5,
7.452:191,26,133,114,
5.447:237,50,69,48,
6.662:327,328,48,292,
6.285:6,142,5,
4.429:2,3,44,7,
8.002:72,201,7,
4.66:134,16,322,
8.318:293,59,73,145,
6.478:333,347,142,
4.634:58,21,354,145,
3.92:12,111,53,5,
7.201:327,48,292,7,
4.345:2,354,48,103,
5.867:29,279,216,278,
8.894:158,59,88,123,
6.271:98,96,55,97,
2.541:3,4,7,5,
5.703:6,110,63,3,
7.026:16,2,3,7,
4.58:13,199,133,151,
4.499:13,3,7,5,
6.29:46,52,58,59,
6.244:237,16,50,48,
5.081:273,58,16,7,
6.591:65,15,73,
6.259:158,133,
5.282:124,70,13,3,
5.405:65,110,51,48,
7.364:194,136,13,151,
6.62:183,132,152,133,
5.773:189,62,113,
3.557:134,322,
2.239:33,34,3,
6.057:28,58,7,89,
6.545:345,171,131,3,
6.041:272,276,
4.747:2,3,145,89,
5.186:28,149,137,126,
4.734:16,3,7,
6.945:191,28,197,123,
8.026:109,99,108,62,
5.41:2,83,3,145,
7.981:28,3,7,
5.107:237,50,73,
5.78:327,328,44,292,
7.882:224,73,203,
6.499:2,62,252,
8.218:72,125,126,
5.573:162,59,332,73,
6.383:6,3,121,
6.338:2,57,3,7,
3.524:309,358,298,48,
4.537:152,137,133,7,
5.639:134,352,322,350,
6.112:13,74,302,5,
6.493:15,301,73,
6.77:59,160,7,
8.688:248,247,
5.234:134,349,322,350,
7.566:23,260,
4.951:134,172,2,13,
5.849:230,13,126,
5.703:134,322,350,
5.8:153,13,137,
4.144:110,55,101,48,
5.473:11,369,13,5,
7.978:275,53,113,289,
5.527:116,3,114,5,
4.097:106,16,63,2,
6.325:75,76,79,86,10,
5.612:134,352,322,350,
5.482:12,30,3,5,
6.932:134,189,13,137,
3.727:16,3,207,5,
4.619:11,374,7,5,
8.244:156,153,126,7,
6.479:324,46,189,7,
3.838:46,17,47,48,
6.446:58,237,54,48,
6.867:263,365,
7.08:54,34,102,
5.307:3,48,7,
4.985:26,134,
4.892:51,263,69,365,
5.66:188,133,
3.622:6,24,3,4,
5.722:13,7,
5.976:46,66,61,5,
6.038:2,3,48,
7.129:135,6,136,137,
4.471:132,133,151,121,
5.07:16,62,197,3,
4.972:194,13,3,
4.124:46,47,48,329,
5.67:185,13,302,
5.574:295,21,83,145,
4.707:6,132,3,133,
8.722:65,18,73,
5.873:77,75,79,86,
6.606:327,48,292,7,
4.955:2,189,3,7,
6.855:21,2,354,5,
4.352:11,6,19,5,
7.621:75,79,86,10,
7.295:6,58,59,
8.05:28,73,131,3,
5.539:28,58,16,7,
6.803:85,88,7,123,
10.017:106,59,15,
4.64:106,115,3,207,
7.87:23,16,260,
4.249:3,7,5,
5.625:2,354,5,
3.15:23,294,5,
4.394:6,2,3,7,
5.963:53,62,137,5,
5.317:29,16,115,144,
3.646:6,2,73,3,
3.24:13,113,22,
6.0:46,16,47,
3.262:28,1,3,
8.228:178,125,141,174,
5.877:11,2,13,83,
7.441:59,88,3,
5.778:46,50,47,48,
6.965:235,132,121,
4.843:46,47,62,48,
4.683:12,3,5,
9.404:28,193,131,207,
4.679:191,3,207,
7.604:78,312,5,
6.063:94,21,5,22,
5.983:28,134,3,126,
5.948:15,73,
5.718:135,29,354,133,
5.318:191,11,26,353,
7.908:28,13,122,126,
6.023:191,28,6,126,
5.926:235,132,152,133,
5.699:12,59,13,5,
6.534:26,28,115,126,
4.973:13,199,152,133,
3.873:34,41,35,
6.566:219,132,133,151,
3.618:258,23,257,
3.967:274,16,3,122,
6.715:11,13,83,5,
6.0:78,368,187,
4.492:191,12,26,353,
5.76:96,55,97,7,
6.586:23,260,62,
4.606:11,368,13,5,
6.406:93,13,334,
5.938:134,322,350,
4.836:95,83,3,5,
7.367:134,122,126,
3.397:102,133,121,
5.276:104,110,57,5,
6.86:191,160,91,7,
5.143:59,217,
7.2:28,154,142,7,
5.648:139,192,13,
6.154:157,141,208,
6.056:46,129,13,47,
6.84:110,16,48,
4.427:34,41,3,
6.108:104,110,
6.094:23,62,5,
4.757:2,83,3,145,
2.888:33,34,3,
7.173:169,336,177,197,
3.498:6,3,4,
4.67:237,179,50,
7.55:28,134,126,7,
7.503:59,148,133,7,
8.135:72,125,126,
3.015:258,37,3,
6.139:96,16,51,97,
3.316:37,3,
5.953:188,1,172,3,
7.844:88,3,7,123,
3.796:6,10,4,
4.994:25,16,34,
6.157:169,131,3,
4.708:3,4,7,5,
5.767:12,13,3,5,
6.315:154,74,7,5,
5.943:14,99,51,48,
5.487:188,374,3,7,
5.26:204,16,88,354,
6.484:15,73,
5.318:178,142,3,234,
5.846:134,349,322,121,
7.486:293,73,83,145,
6.438:55,99,16,7,
6.055:295,45,369,62,
4.634:182,58,205,7,
5.258:134,16,352,322,
6.333:94,2,13,5,
4.746:28,106,199,133,
7.249:46,52,16,5,
7.083:98,96,55,97,
4.97:28,57,27,5,
6.004:191,26,13,353,
6.193:28,3,126,7,
2.469:23,310,37,3,
6.194:28,6,3,126,
4.917:327,328,3,292,
8.152:340,13,151,
5.204:6,58,2,3,
4.683:96,53,97,5,
6.058:112,99,48,
7.194:28,65,292,
6.04:55,99,16,101,
8.406:26,59,160,5,
6.738:59,217,282,211,
5.112:14,6,3,7,
4.115:273,3,103,
4.373:6,94,19,71,
4.358:28,1,3,
4.573:6,3,7,5,
9.259:28,158,147,
7.465:13,115,125,7,
6.928:28,122,114,119,
5.843:75,76,79,13,10,
6.096:28,3,126,
7.111:13,334,
2.939:8,6,24,4,
4.063:28,88,2,3,
6.117:28,152,126,7,
3.202:6,3,4,5,
7.941:15,18,73,
7.591:13,74,302,5,
3.258:23,307,257,
8.241:62,312,5,
7.462:28,135,59,160,
7.11:58,279,216,278,
5.661:58,59,3,211,
7.837:266,16,21,270,
5.361:50,62,48,5,
6.988:229,13,74,302,
9.41:59,160,172,
4.189:58,16,365,256,
7.457:72,123,
7.752:255,15,256,
6.324:
5.784:65,59,15,
7.784:75,79,86,
6.204:16,312,5,
5.788:96,16,97,5,
6.576:6,215,27,5,
9.613:160,88,91,121,
6.013:240,237,196,50,
5.2:327,328,3,292,
4.9:13,5,
5.473:94,15,7,
3.029:258,37,3,
7.173:75,78,79,86,
8.083:65,173,141,174,
6.794:28,13,3,126,
4.347:340,333,13,
6.548:105,2,7,5,
7.722:78,176,157,120,
4.413:58,172,7,
7.254:12,4,7,5,
8.169:16,54,102,
6.461:75,79,86,
2.758:19,4,81,5,
5.94:14,221,141,7,
5.552:55,237,115,7,
5.632:75,78,79,13,
6.756:370,322,292,
5.581:6,2,3,7,
7.402:16,121,
6.433:142,7,5,
5.861:94,16,21,3,
6.023:46,16,47,48,
6.202:323,58,7,
8.055:28,13,125,126,
5.561:73,7,
4.226:11,83,3,5,
4.4:28,189,53,5,
8.405:285,59,73,126,
5.47:16,88,3,123,
4.974:131,3,
3.624:28,3,137,
5.769:112,99,16,49,
6.23:293,62,
6.042:194,188,160,13,
2.671:42,33,34,3,
6.555:240,13,
8.652:72,59,157,125,
5.918:124,70,3,7,
6.478:2,3,151,
6.629:19,2,142,7,
2.404:34,41,3,44,
7.653:255,256,7,
4.038:46,51,47,48,
9.852:59,160,123,
3.245:10,3,4,22,
5.427:33,34,35,
5.863:23,265,5,
8.088:28,250,151,121,
8.321:23,260,7,
7.372:96,16,97,5,
5.621:16,107,62,3,
4.844:152,137,133,121,
5.914:65,319,
7.478:46,106,47,49,
6.917:165,224,13,62,
4.254:33,2,34,
4.573:116,3,71,114,
3.847:294,83,3,5,
6.505:26,328,
4.683:1,118,27,5,
5.529:312,102,48,
4.987:11,83,3,5,
6.02:53,62,5,
5.664:132,152,133,
7.001:160,88,206,7,
4.676:273,16,21,5,
3.4:37,257,
5.6:151,7,
7.916:28,168,126,7,
6.705:176,157,13,126,
5.349:12,28,212,5,
8.038:90,91,13,92,
8.975:59,160,172,
7.261:55,99,16,43,
5.678:6,148,3,
3.126:12,94,21,5,
5.461:42,33,34,43,
5.087:11,13,83,5,
2.998:39,363,
5.478:88,70,7,145,
3.377:11,83,3,5,
6.004:191,26,5,
5.269:14,51,5,
6.364:16,62,138,123,
7.025:75,166,79,86,
6.719:254,182,62,298,
6.871:328,44,292,7,
5.058:189,3,7,
2.568:23,294,83,
6.618:160,88,206,
4.936:328,3,44,292,
7.058:160,74,7,
9.155:21,276,7,
6.869:153,91,123,
3.688:6,10,4,7,
5.499:11,28,83,5,
7.846:13,74,302,5,
4.102:333,132,152,133,
6.874:1,19,172,122,
4.763:11,368,71,7,
7.15:111,125,
4.418:12,30,3,5,
5.187:191,26,133,5,
4.641:88,2,113,5,
6.777:65,13,126,89,
6.94:272,273,58,48,
3.146:359,294,83,
6.298:343,182,13,
7.023:28,135,136,158,
5.556:132,152,133,
5.127:272,274,65,3,
4.985:94,62,5,22,
3.887:265,62,
6.977:28,59,157,122,
6.774:160,142,137,7,
4.459:11,369,13,62,
5.415:46,106,47,48,
6.946:139,192,13,197,
2.286:33,34,3,
7.041:2,189,13,48,
4.448:106,58,21,354,
6.403:74,53,302,5,
4.642:94,62,5,
9.298:65,15,73,
6.2:59,217,282,
5.363:12,374,3,5,
10.006:160,3,7,208,
7.415:23,14,260,
4.776:158,235,133,
6.475:6,2,3,7,
5.626:94,5,220,22,
6.107:11,28,368,5,
4.688:19,27,113,5,
5.731:94,189,3,7,
5.467:96,54,97,5,
8.297:132,152,121,
3.582:28,1,3,5,
6.147:191,28,158,133,
6.92:75,79,73,
6.29:3,7,5,
6.472:182,29,59,16,
6.207:15,73,203,
3.902:6,33,34,
5.51:26,3,
6.984:191,26,3,
5.97:28,85,88,7,
2.939:258,23,3,
5.912:304,13,199,133,
3.954:33,34,44,
6.278:295,62,83,145,
6.369:255,54,256,
5.646:6,2,3,7,
6.436:88,7,
3.917:34,41,35,
3.94:112,99,48,243,
6.724:2,3,48,7,
5.839:59,16,217,
5.392:6,132,133,
6.751:88,7,
6.526:62,7,87,5,
6.267:28,186,126,
5.451:58,314,16,7,
7.023:110,53,5,
6.028:6,62,132,3,
5.229:2,13,145,
4.197:14,15,4,
8.364:345,183,152,
7.121:13,74,302,5,
5.668:333,13,
8.054:62,7,145,220,
4.154:11,369,3,5,
7.036:58,279,216,278,
7.23:13,74,302,5,
5.585:59,15,5,
6.44:104,99,16,62,
7.554:336,235,152,133,
7.534:12,143,13,5,
6.026:235,132,152,133,
6.962:160,142,5,
3.224:21,84,83,3,
8.974:204,160,16,7,
6.124:339,192,13,
2.803:46,82,47,48,
5.667:156,152,3,5,
7.067:59,15,
6.473:110,63,48,
4.27:6,19,3,4,
4.474:12,94,118,5,
5.247:6,2,31,4,
6.494:160,91,121,
3.767:46,47,48,
4.679:16,21,3,5,
5.876:38,16,153,
5.294:12,6,354,5,
5.635:6,38,27,3,
7.177:191,227,126,
6.295:191,146,136,156,
3.673:28,1,111,5,
5.688:6,142,3,207,
7.345:327,44,292,7,
6.839:98,96,55,97,
6.503:28,134,126,
3.819:58,16,3,7,
7.927:88,13,5,
5.211:345,168,131,3,
5.629:294,223,83,145,
7.089:16,70,3,
5.518:274,58,16,2,
6.315:28,216,13,126,
5.434:65,113,5,119,
7.689:303,132,133,
6.412:46,52,55,15,
2.676:11,3,71,5,
7.701:98,96,55,97,
5.627:28,6,3,119,
4.96:13,115,152,133,
8.836:12,28,3,5,
4.703:59,121,123,
5.497:56,57,7,5,
5.557:2,91,133,7,
3.011:42,33,34,3,
6.104:13,133,151,
5.712:2,3,7,5,
4.659:14,16,3,
5.814:12,3,122,5,
8.041:2,62,145,
6.2:11,83,7,5,
4.933:16,113,5,
3.32:135,180,53,5,
5.69:96,16,97,7,
5.14:110,21,3,48,
6.821:2,3,48,7,
4.254:28,199,133,151,
6.803:
8.861:59,160,172,
5.013:11,83,3,5,
3.668:46,67,47,49,
7.158:340,13,334,
7.657:65,75,79,
5.071:309,266,271,16,
5.188:134,16,322,
6.065:26,135,3,207,
8.617:160,88,187,7,
2.375:33,34,
3.14:12,24,10,4,
6.716:26,237,3,7,
6.914:124,13,
5.096:2,331,3,145,
11.062:23,16,260,
5.859:134,122,126,
6.302:139,192,13,7,
4.637:65,110,51,48,
4.964:14,16,7,
6.86:13,74,302,5,
5.114:13,113,3,119,
6.039:23,307,7,
4.951:13,74,302,5,
6.714:11,13,218,5,
4.935:6,118,3,5,
5.078:14,237,48,243,
5.618:29,279,216,
9.179:59,15,217,
9.063:46,52,63,7,
8.037:6,19,71,
3.099:6,94,236,3,
4.492:304,133,7,306,
7.211:12,3,5,
7.636:135,160,7,
7.036:28,137,151,
4.17:359,65,51,
4.326:12,19,71,5,
7.131:75,166,79,86,
6.922:254,182,273,2,
5.224:46,16,47,49,
6.364:28,126,151,7,
5.966:46,16,47,49,
6.323:28,1,71,
6.621:131,151,7,
6.058:75,79,13,86,
3.868:46,47,48,
3.593:33,34,3,
4.612:85,58,59,205,
6.044:12,129,13,5,
6.529:12,118,114,5,
7.451:14,59,217,
7.539:58,179,7,
5.988:318,16,144,269,
7.788:160,88,7,
4.743:16,62,207,
5.516:55,99,16,63,
5.773:188,16,369,7,
6.1:11,18,7,
6.911:12,3,114,
8.52:23,14,260,
7.911:23,15,260,
5.728:169,183,152,
7.199:327,328,292,
5.839:21,354,114,5,
5.676:266,270,48,
5.377:6,2,331,252,
4.972:16,132,133,
3.374:28,1,180,122,
3.765:19,33,34,
7.66:54,3,7,
6.153:342,153,347,13,
7.012:12,3,5,
7.344:285,286,59,242,
5.167:312,48,7,
7.414:59,217,282,
6.342:6,59,21,3,
8.153:58,279,216,278,
4.59:11,94,369,5,
9.117:15,73,
5.358:11,12,30,5,
6.502:55,99,16,7,
6.554:99,16,100,43,
4.035:58,237,50,7,
4.391:23,48,7,
3.551:115,133,151,7,
5.804:134,349,322,121,
6.434:59,217,
7.606:68,333,13,
6.028:16,275,49,
5.199:104,189,7,
4.743:294,83,3,5,
6.151:23,62,
4.722:26,21,354,5,
4.91:11,13,83,5,
3.682:12,2,3,5,
7.11:99,100,62,7,
6.212:65,59,15,73,
5.729:134,349,322,121,
5.369:28,3,126,114,
8.5:28,13,122,126,
6.925:28,137,126,123,
4.438:139,13,120,
5.008:53,137,5,
4.128:28,111,3,
5.855:237,196,50,123,
6.196:134,349,322,121,
5.763:309,23,260,
4.332:16,113,5,
3.526:23,65,51,
6.506:96,16,97,
7.243:16,275,5,289,
6.421:12,2,13,5,
5.77:132,133,123,
5.118:11,369,13,5,
7.475:72,59,125,126,
4.824:46,50,47,5,
5.242:285,59,370,73,
6.466:14,3,7,
6.329:58,279,216,278,
4.168:46,13,47,48,
5.361:28,154,3,7,
6.375:229,13,74,302,
7.315:23,14,260,
5.392:28,6,189,3,
5.515:213,13,128,
5.487:328,3,44,292,
6.394:55,237,88,7,
6.833:327,328,322,292,
3.06:9,4,5,
7.691:136,153,13,7,
6.539:28,3,114,
5.099:134,349,322,121,
7.427:127,13,232,7,
6.876:28,250,137,346,
6.84:139,120,125,
6.172:94,296,5,22,
5.093:16,3,7,
5.995:28,193,13,3,
9.278:209,160,206,7,
9.79:59,160,88,7,
5.738:85,131,3,123,
5.709:16,3,5,
4.805:2,83,3,145,
8.405:228,14,59,
7.895:59,160,88,7,
7.167:13,74,302,5,
6.252:182,58,16,276,
5.172:1,354,207,
2.994:33,34,3,44,
4.734:28,13,121,
7.459:2,3,48,
5.975:96,55,16,97,
10.512:65,59,15,145,
5.977:99,48,43,7,
6.731:19,120,113,5,
4.471:28,38,3,151,
4.17:2,354,5,
7.093:173,59,132,151,
7.751:69,365,7,
6.567:65,15,281,73,241,
6.103:65,99,51,48,
8.601:209,59,160,7,
5.796:12,215,2,5,
4.921:65,124,13,334,
5.62:69,153,347,123,
6.222:16,3,7,289,
4.401:2,132,151,7,
4.851:262,263,264,5,
4.668:75,76,79,13,10,
8.837:62,7,5,
5.992:96,16,54,97,
4.1:199,133,7,
3.516:6,58,2,3,
7.459:15,73,203,
4.283:99,62,102,3,
6.827:78,368,371,
5.787:2,3,48,7,
3.951:11,83,3,5,
5.362:295,2,62,145,
7.533:176,340,13,225,
5.765:153,347,13,115,
4.067:45,34,41,3,
6.702:46,52,58,61,
4.784:191,26,3,133,
5.763:59,15,73,
5.043:33,34,35,
8.326:23,260,7,
4.903:2,4,7,5,
6.276:13,74,302,5,
6.38:94,29,21,7,
8.249:173,141,174,
9.303:106,59,16,64,
7.221:288,16,3,7,
6.445:12,28,3,5,
6.769:90,65,137,
7.873:23,16,260,
4.427:258,23,16,
6.912:183,152,3,
5.13:23,5,
6.683:28,135,7,5,
5.231:199,132,133,151,
5.936:96,16,97,5,
7.213:13,126,
3.457:46,47,48,
6.118:333,13,
8.413:26,1,
10.023:59,16,
4.215:369,3,5,
4.227:28,1,3,207,
4.339:293,64,
4.771:16,88,126,114,
7.678:36,179,157,125,
6.513:11,18,71,7,
6.045:2,354,7,5,
4.447:240,237,50,111,
6.999:327,115,292,
5.224:6,132,152,133,
5.049:266,122,48,267,
5.332:46,50,47,48,
4.62:11,83,3,5,
5.9:29,88,13,126,
3.469:293,83,3,
5.226:303,132,133,
5.08:26,3,5,
5.052:75,79,13,34,
6.288:46,52,16,3,
6.549:94,83,298,5,
5.938:227,28,3,
3.394:12,26,53,5,
5.119:23,259,260,
6.853:59,3,7,
4.488:113,5,289,
7.548:13,74,302,5,
6.649:77,75,79,140,
4.427:303,152,305,133,
5.636:23,260,
5.193:12,88,13,5,
3.689:312,313,7,
5.407:59,88,7,
4.813:359,106,58,16,
7.197:88,131,
6.956:169,183,152,
5.774:134,111,13,126,
7.397:135,136,13,137,
5.499:96,51,97,5,
4.594:23,16,257,
7.642:13,302,
7.189:28,134,13,126,
5.419:6,2,189,3,
5.499:293,83,3,145,
8.368:58,279,216,278,
3.441:11,83,3,5,
3.065:94,21,71,5,
5.336:134,322,350,
6.653:176,157,120,125,
4.396:266,16,3,48,
7.074:294,62,83,5,
3.374:16,115,3,145,
5.643:88,113,5,
4.827:46,291,
6.532:28,88,5,
7.467:340,333,13,
6.183:28,134,13,126,
7.761:227,146,28,88,
5.075:46,16,47,48,
2.258:23,37,
5.137:135,6,3,7,
6.162:6,18,3,7,
6.598:13,328,3,292,
4.131:33,34,35,
6.653:136,142,13,207,
7.123:176,120,125,
2.538:33,34,3,
5.45:58,160,13,211,
6.189:58,279,216,278,
5.011:312,102,48,
6.504:11,13,83,5,
2.308:37,13,3,
5.546:191,26,133,
3.992:12,105,13,5,
6.716:99,50,57,5,
5.516:72,59,179,157,
6.582:23,14,260,
5.121:295,21,83,145,
5.125:6,132,138,133,
6.211:53,62,5,
5.411:132,133,7,
5.475:11,83,218,5,
4.483:65,99,51,48,
7.249:28,141,126,
6.045:59,88,13,5,
5.761:125,114,7,
4.158:29,16,3,7,
6.191:
6.981:28,219,199,
7.662:105,113,114,5,
3.136:33,34,3,
5.258:134,322,350,
6.314:191,26,137,133,
5.085:158,59,88,131,
5.442:28,3,126,
9.643:127,29,13,
5.431:237,88,48,7,
7.988:59,160,148,91,
5.299:166,62,
5.113:295,263,62,145,
7.471:28,158,138,123,
4.426:11,13,3,5,
7.647:12,157,7,5,
7.986:59,160,172,7,
10.047:65,59,54,189,
8.38:28,38,230,13,
4.23:26,212,88,5,
5.092:29,88,3,5,
5.861:157,13,7,
4.766:293,2,48,145,
4.844:141,3,174,
4.771:142,132,7,
3.894:46,67,47,48,
9.391:196,111,123,
4.981:295,6,3,145,
7.439:328,44,292,7,
6.494:28,13,126,114,
7.267:28,13,3,126,
8.008:185,59,160,
5.674:135,21,3,133,
9.095:65,59,54,189,
7.102:13,74,302,5,
6.451:272,273,57,5,
5.584:273,16,61,
5.524:13,302,
4.945:46,50,47,48,
6.855:23,14,7,
4.97:293,83,145,5,
6.722:96,16,51,97,
6.73:273,16,
5.594:188,137,
5.389:240,237,196,50,
4.588:84,5,220,
6.575:160,142,187,
4.935:46,52,3,7,
4.463:135,58,3,5,
4.396:6,3,4,5,
5.526:28,135,1,121,
