2.991:1,2,3,4,
4.761:8,9,4,7,
3.52:10,4,
3.214:11,10,3,4,
4.021:6,10,3,4,
4.446:8,6,10,4,
3.761:8,12,6,4,
4.174:12,6,4,
3.486:12,9,13,4,
6.309:1,9,4,7,
4.197:14,15,4,
5.435:6,16,4,5,
5.031:6,3,4,7,
3.848:17,3,4,7,
2.541:3,4,7,5,
3.724:6,3,4,7,
3.711:18,3,4,7,5,
4.27:6,19,3,4,
4.068:11,13,4,5,
3.06:9,4,5,
4.956:12,6,20,4,
2.734:6,21,4,7,
3.832:10,3,4,22,
3.388:10,3,4,22,
2.611:10,3,4,22,
2.468:10,3,4,22,
3.798:6,3,4,
3.555:6,3,4,
4.1:8,6,10,4,
3.498:6,3,4,
3.796:6,10,4,
4.597:6,10,3,4,
3.463:6,3,4,
3.245:10,3,4,22,
3.606:23,10,4,22,
4.016:23,10,4,22,
3.14:12,24,10,4,
3.934:12,6,10,4,
4.208:12,24,4,5,
3.655:11,13,10,4,
3.759:23,25,10,4,
2.492:21,10,3,4,
2.95:1,6,3,4,
3.071:1,6,3,4,
4.795:6,10,4,
2.608:24,3,4,5,
5.005:26,24,4,5,
3.72:6,2,4,7,
4.782:10,4,22,
3.688:6,10,4,7,
2.73:6,10,4,7,
4.708:3,4,7,5,
4.564:21,4,7,5,
5.134:14,3,4,7,
2.477:6,3,4,7,
2.547:6,3,4,7,
3.135:6,3,4,7,
2.66:10,3,4,22,
2.626:8,6,3,4,
3.249:6,10,4,22,
3.884:6,3,4,
4.708:6,2,3,
4.396:6,3,4,5,
4.664:6,24,3,4,
2.939:8,6,24,4,
3.154:12,6,4,5,
3.609:1,24,3,4,
3.334:6,27,4,5,
2.571:6,24,3,4,
3.604:28,6,4,5,
4.77:1,29,4,5,
3.216:1,2,4,5,
3.707:28,6,4,5,
3.622:6,24,3,4,
6.159:6,4,5,22,
3.827:30,24,4,5,
3.581:6,24,3,4,
5.247:6,2,31,4,
4.903:2,4,7,5,
2.864:24,3,4,7,
3.577:3,4,7,5,
3.202:6,3,4,5,
3.423:6,4,5,
4.301:12,4,5,
4.464:12,6,4,5,
7.254:12,4,7,5,
2.336:1,24,3,4,
5.161:6,24,3,4,
2.966:1,32,4,5,
2.527:2,3,4,7,
2.888:33,34,3,
3.239:33,34,3,
4.956:33,34,35,
4.452:36,37,3,
3.316:37,3,
2.308:37,13,3,
2.71:37,13,3,
2.23:38,13,3,
3.751:37,39,3,
3.605:38,39,3,
4.302:40,34,35,
3.359:33,34,3,
3.837:33,34,35,
3.373:33,2,34,
3.109:33,34,3,
5.043:33,34,35,
3.119:33,34,3,
4.858:33,34,35,
4.706:33,34,35,
4.374:33,34,35,
3.885:33,34,35,
4.206:33,34,35,
4.633:33,34,35,
4.381:33,34,3,
3.394:33,34,
2.286:33,34,3,
4.543:38,37,3,
3.607:33,34,3,
4.963:33,34,35,
6.169:33,34,35,
3.987:37,3,
2.711:33,34,3,
3.979:42,33,34,35,
3.385:42,33,34,3,
2.282:42,33,34,3,
4.801:37,3,7,
2.648:33,34,3,
5.461:42,33,34,43,
4.568:42,33,34,
2.632:42,33,34,3,
4.763:42,33,34,3,
3.527:42,33,34,3,
2.742:42,33,34,3,
2.845:42,33,34,3,
2.671:42,33,34,3,
3.011:42,33,34,3,
3.831:33,34,35,
2.28:33,34,3,
2.239:33,34,3,
2.383:33,34,3,
2.538:33,34,3,
2.91:33,34,3,
2.419:33,34,3,
5.674:33,34,35,
5.427:33,34,35,
3.825:6,34,3,5,
3.279:6,33,34,3,
3.049:33,34,3,44,
2.345:45,33,34,3,
3.246:33,34,3,44,
3.411:33,34,3,44,
3.881:33,34,3,44,
3.275:33,34,3,44,
2.994:33,34,3,44,
3.784:45,33,34,3,
3.954:33,34,44,
4.386:33,34,
4.875:33,34,35,
3.28:45,33,34,
2.754:33,34,3,
3.451:33,34,44,
4.461:33,34,
2.946:33,34,3,
3.367:33,34,3,
2.339:45,33,34,
3.927:45,34,41,3,
3.264:45,34,41,3,
2.669:45,34,41,3,
4.067:45,34,41,3,
2.404:34,41,3,44,
2.62:34,41,3,44,
2.418:34,41,3,44,
2.294:34,41,3,
2.817:34,41,3,
2.601:34,41,3,
3.873:34,41,35,
2.91:34,41,3,
4.427:34,41,3,
2.551:34,41,3,
3.917:34,41,35,
5.825:46,47,48,49,
3.457:46,47,48,
6.447:46,47,48,49,
5.758:46,47,48,49,
3.965:46,50,47,48,
3.838:46,17,47,48,
4.554:46,50,47,48,
4.945:46,50,47,48,
4.824:46,50,47,5,
7.355:46,47,48,49,
4.482:46,50,47,48,
6.422:46,47,49,
5.226:46,47,49,
5.155:46,50,47,48,
6.726:46,47,48,49,
4.02:46,50,47,48,
3.986:46,50,47,48,
4.983:46,50,47,48,
4.994:46,50,47,48,
4.023:46,51,50,47,
4.038:46,51,47,48,
7.109:46,47,49,
3.777:46,50,47,48,
3.745:46,50,47,48,
4.602:46,51,47,48,
6.633:46,47,48,49,
4.112:46,50,47,48,
6.44:46,47,48,49,
6.253:46,47,49,
4.579:46,50,47,48,
4.803:46,50,47,48,
7.121:46,47,48,49,
5.823:46,52,53,5,
6.307:46,52,16,54,
6.288:46,52,16,3,
6.059:46,52,48,
8.183:46,52,55,7,
6.215:46,52,56,54,
6.222:46,52,57,5,
6.29:46,52,58,59,
6.939:46,52,59,
7.352:46,52,57,5,
7.233:46,52,58,16,
6.204:46,52,60,5,
6.702:46,52,58,61,
6.829:46,52,57,5,
6.829:46,52,53,5,
6.896:11,46,52,62,
6.334:46,52,59,
5.928:46,52,48,5,
5.897:46,52,16,61,
9.063:46,52,63,7,
8.206:46,52,16,
4.935:46,52,3,7,
8.257:46,52,16,5,
6.358:46,52,64,5,
7.249:46,52,16,5,
5.467:46,52,65,5,
3.734:46,52,51,5,
6.412:46,52,55,15,
6.327:46,52,53,5,
8.334:46,52,55,7,
5.315:46,5,
5.976:46,66,61,5,
4.727:46,16,66,5,
4.804:
5.456:46,66,61,5,
4.241:46,66,5,
6.25:46,67,
4.78:46,5,
5.344:46,16,66,51,
4.768:46,66,57,5,
3.671:46,66,61,5,
4.18:46,16,66,61,
5.838:46,5,
4.026:46,16,66,61,
3.512:46,16,66,61,
4.215:46,66,60,5,
4.011:46,58,16,66,
4.599:46,66,57,5,
4.27:46,16,66,5,
4.289:46,66,5,
4.802:46,5,
3.974:11,46,66,5,
3.848:46,16,66,61,
6.375:46,5,
3.549:11,46,66,5,
6.864:46,5,
9.581:46,16,66,48,
4.844:46,66,57,5,
5.554:68,69,13,
4.918:11,3,71,
5.651:
6.889:11,18,13,7,
5.397:11,18,13,7,
7.6:11,18,7,5,
6.463:16,18,7,5,
6.77:11,13,5,
5.275:11,18,71,7,
5.455:11,12,18,7,
5.157:11,3,7,5,
4.33:11,13,71,7,
3.989:6,30,71,5,
8.032:11,18,71,7,
5.915:11,12,71,5,
8.401:11,18,73,7,
4.9:13,5,
6.666:11,30,7,
6.1:11,18,7,
8.825:75,45,
8.816:14,76,10,
7.235:75,45,
9.15:77,78,73,10,
6.919:45,79,5,
5.591:75,45,79,5,
7.475:75,45,79,5,
6.053:80,79,13,5,
3.817:30,13,5,
3.726:11,13,3,5,
4.381:30,27,3,
5.22:21,27,
7.222:30,18,7,5,
5.766:11,27,7,5,
5.769:11,18,71,7,
6.819:11,18,71,7,
4.301:6,30,3,71,
6.513:11,18,71,7,
4.544:11,13,71,5,
3.054:6,3,71,5,
4.066:6,45,63,81,
5.216:6,53,71,5,
4.203:6,45,3,71,
3.344:6,3,71,5,
4.553:27,71,7,5,
5.463:27,71,7,5,
6.459:11,18,7,5,
5.358:11,12,30,5,
7.006:11,18,7,5,
6.13:11,18,7,5,
4.339:11,13,5,
4.221:6,5,
6.161:11,82,30,62,5,
5.535:11,62,83,5,
4.62:11,83,3,5,
2.618:2,84,3,5,
2.664:30,84,3,5,
4.797:11,30,7,5,
3.917:12,30,13,5,
4.167:11,30,83,5,
5.241:6,30,3,5,
5.572:6,13,3,5,
6.443:45,63,2,3,
5.911:45,16,2,3,
5.279:85,16,7,
4.095:6,2,3,7,
4.678:21,2,5,
4.781:2,7,5,
4.411:75,30,86,5,
7.401:11,18,3,7,
5.927:18,3,7,87,
6.2:11,83,7,5,
4.535:28,84,7,
6.54:88,30,89,5,
7.013:28,88,7,89,
8.526:51,15,7,
8.038:90,91,13,92,
5.906:90,65,3,92,
5.551:93,13,5,
6.349:88,70,5,
6.559:88,70,7,
4.328:11,12,27,5,
4.339:11,12,83,5,
5.817:94,30,3,5,
5.051:30,2,3,5,
4.221:45,30,62,5,
3.738:30,95,10,5,
6.704:11,13,83,
6.811:95,3,7,5,
4.783:6,95,3,5,
4.936:3,7,5,
4.123:96,53,97,5,
5.39:96,51,97,7,
6.938:96,53,97,5,
4.19:96,55,51,97,
5.975:96,55,16,97,
6.293:96,55,97,7,
6.362:96,16,97,5,
6.579:96,97,7,
5.706:98,96,16,97,
5.0:96,55,51,97,
6.191:96,55,97,5,
5.76:96,55,97,7,
6.207:96,54,97,7,
5.677:96,55,16,97,
6.074:96,53,97,5,
5.789:98,96,97,7,
6.653:98,96,97,5,
5.02:98,96,55,97,
5.788:96,16,97,5,
6.688:98,96,16,97,
7.038:96,53,97,5,
6.506:96,16,97,
6.139:96,16,51,97,
5.69:96,16,97,7,
5.821:98,96,16,97,
4.683:96,53,97,5,
5.936:96,16,97,5,
7.671:96,62,97,5,
5.376:96,51,97,5,
5.467:96,54,97,5,
5.838:96,16,97,5,
7.856:96,62,97,5,
5.773:96,97,7,5,
6.647:96,62,97,5,
7.381:96,97,7,5,
6.271:98,96,55,97,
6.474:96,55,97,5,
6.037:96,51,97,5,
7.171:96,16,51,97,
8.272:96,55,97,7,
6.017:96,16,97,5,
6.037:96,16,97,5,
6.104:96,16,97,5,
7.49:96,62,97,5,
5.868:98,96,55,97,
6.058:98,96,55,97,
6.14:96,16,83,97,
6.387:96,55,97,7,
6.216:96,55,97,7,
6.084:96,55,97,
5.905:96,16,83,97,
7.604:96,62,97,5,
6.508:98,96,60,97,
6.792:96,16,97,5,
5.551:96,55,16,97,
8.147:96,62,97,5,
7.22:96,62,97,5,
6.753:96,62,97,5,
7.701:98,96,55,97,
8.024:96,55,16,97,
5.747:96,16,51,97,
7.603:96,16,54,97,
7.053:96,62,97,5,
7.38:98,96,55,97,
6.501:98,96,60,97,
6.417:96,62,97,5,
8.489:98,96,55,97,
5.285:96,16,97,5,
6.839:98,96,55,97,
6.722:96,16,51,97,
5.499:96,51,97,5,
5.187:98,96,51,97,
7.619:96,97,5,
7.083:98,96,55,97,
5.412:98,96,55,97,
7.058:98,55,16,97,
5.992:96,16,54,97,
7.918:96,62,97,5,
4.959:96,16,97,5,
7.372:96,16,97,5,
7.37:96,62,97,5,
7.307:96,55,97,7,
5.2:96,16,97,5,
5.822:98,96,55,97,
5.718:98,96,55,97,
6.577:96,16,97,5,
6.343:96,62,97,5,
7.703:96,16,62,97,
5.321:96,16,97,5,
5.808:96,51,3,97,
5.77:99,64,48,
6.554:99,16,100,43,
5.02:99,16,101,48,
5.943:55,99,48,92,
5.943:14,99,51,48,
5.977:99,48,43,7,
7.261:55,99,16,43,
5.975:99,102,48,43,
4.037:99,57,62,5,
4.252:99,69,101,48,
6.21:55,99,16,51,
5.516:55,99,16,63,
5.892:99,16,62,
5.178:99,102,48,103,
6.04:55,99,16,101,
6.294:99,16,63,43,
6.502:55,99,16,7,
4.483:65,99,51,48,
6.834:55,99,16,43,
6.468:55,99,3,7,
7.185:99,57,48,5,
6.279:55,99,16,63,
4.381:99,16,3,7,
6.438:55,99,16,7,
6.44:104,99,16,62,
6.44:105,99,62,102,
7.566:104,106,99,62,
6.469:99,54,107,43,
8.698:99,54,108,107,
6.489:104,55,99,7,
6.894:99,54,107,43,
8.026:109,99,108,62,
7.034:99,54,43,
7.194:104,55,99,16,
7.829:104,109,99,54,
6.916:104,99,16,3,
5.312:110,19,48,7,
6.473:110,63,48,
6.531:106,110,3,48,
5.049:106,110,16,3,
5.703:6,110,63,3,
5.933:104,110,16,54,
5.276:104,110,57,5,
6.219:104,110,57,5,
6.19:110,16,51,48,
4.845:110,111,48,43,
4.633:110,51,48,
5.945:110,16,62,
6.84:110,16,48,
6.878:110,63,3,7,
6.108:104,110,
5.637:104,110,57,5,
7.465:104,110,55,
5.405:65,110,51,48,
5.44:106,110,3,48,
4.291:110,55,48,7,
6.028:110,63,17,48,
5.14:110,21,3,48,
4.144:110,55,101,48,
3.605:110,19,48,
4.637:65,110,51,48,
5.986:104,110,57,5,
4.455:110,19,3,48,
4.35:110,101,48,7,
4.897:110,17,102,48,
7.023:110,53,5,
4.022:16,101,48,
4.2:112,106,99,48,
4.796:112,55,99,48,
6.667:109,99,7,
4.214:99,50,57,5,
6.058:112,99,48,
4.375:112,99,48,43,
6.673:112,99,62,48,
3.933:112,99,51,48,
4.846:112,99,101,48,
7.188:112,99,62,
5.017:112,99,57,5,
5.255:99,16,49,
5.07:112,99,62,48,
5.769:112,99,16,49,
5.294:112,99,16,
7.576:112,99,48,
6.716:99,50,57,5,
6.124:112,99,51,48,
6.336:112,99,16,48,
7.11:99,100,62,7,
8.177:99,100,62,7,
8.988:99,100,62,7,
7.622:99,100,62,7,
4.426:6,30,113,5,
4.688:19,27,113,5,
5.432:105,3,5,
6.295:105,3,114,5,
4.054:116,19,117,3,
4.378:12,116,113,5,
5.478:105,6,19,5,
5.777:12,113,3,5,
5.02:12,113,3,5,
4.935:6,118,3,5,
5.527:116,3,114,5,
6.529:12,118,114,5,
6.106:12,114,5,119,
5.874:12,118,5,
7.104:12,28,118,5,
6.036:12,118,3,
6.911:12,3,114,
5.97:12,28,113,3,
6.306:12,120,113,5,
6.448:116,113,121,5,
6.539:28,3,114,
7.702:28,74,
7.274:28,13,74,114,
6.928:28,122,114,119,
5.805:118,113,5,119,
5.394:113,3,5,119,
5.257:12,13,5,22,
5.434:65,113,5,119,
6.125:113,3,121,119,
5.114:13,113,3,119,
4.69:116,65,113,114,
4.676:116,65,3,
4.79:116,19,3,5,
4.573:116,3,71,114,
4.778:88,123,
7.855:124,125,126,
8.222:124,72,125,
6.731:19,120,113,5,
7.894:13,120,126,128,
8.481:129,62,113,
7.224:120,126,128,
7.836:28,13,120,126,
5.32:19,13,71,5,
4.397:65,82,13,
4.326:12,19,71,5,
5.237:94,2,3,5,
3.682:12,2,3,5,
3.992:12,105,13,5,
7.053:12,94,13,5,
3.707:12,19,5,
6.183:12,118,89,5,
6.743:72,120,89,
8.649:130,125,123,
6.928:28,94,114,5,
7.145:105,94,114,5,
7.525:105,113,114,5,
7.662:105,113,114,5,
7.292:28,105,131,114,
6.628:94,132,133,5,
3.567:2,113,71,5,
4.075:12,113,71,5,
3.92:12,111,53,5,
4.128:28,111,3,
5.774:134,111,13,126,
6.568:28,3,121,
6.968:28,135,136,137,
5.518:136,138,133,
6.84:139,120,125,
6.349:36,125,140,
8.205:13,115,
6.593:13,113,5,
5.709:19,113,5,
7.387:125,141,126,121,
7.877:72,125,
6.797:
8.681:72,120,141,126,
6.227:28,19,5,
6.629:19,2,142,7,
6.467:72,143,125,
7.185:94,2,5,22,
7.534:16,13,144,145,
5.961:21,13,115,
4.518:12,19,30,5,
6.764:13,120,126,128,
5.647:94,19,114,5,
6.673:28,3,126,
6.744:146,59,147,123,
6.334:19,2,5,
7.637:28,142,3,7,
3.639:6,19,3,71,
7.515:148,13,149,126,
7.607:148,13,149,126,
6.275:134,13,125,126,
6.707:28,13,147,126,
6.503:28,134,126,
7.188:28,13,126,7,
8.433:28,59,13,125,
8.135:72,125,126,
7.737:72,59,125,126,
8.218:72,125,126,
7.429:125,126,
7.934:72,125,126,
8.376:13,126,7,89,
7.794:28,126,7,
7.189:28,134,13,126,
7.367:134,122,126,
7.02:13,3,122,126,
8.157:134,125,141,126,
7.08:13,149,141,126,
6.734:72,149,123,
9.197:72,150,59,73,
6.723:136,148,126,151,
7.612:72,151,7,
6.42:28,3,137,126,
6.962:28,134,126,7,
7.55:28,134,126,7,
5.797:28,3,126,7,
6.341:28,152,126,7,
6.117:28,152,126,7,
6.415:28,3,126,7,
7.691:136,153,13,7,
6.809:28,153,141,126,
5.987:28,88,126,7,
9.735:150,38,13,126,
5.754:28,126,7,
7.091:28,38,126,7,
6.945:153,3,126,7,
6.978:28,134,3,126,
6.735:28,137,126,7,
7.411:28,126,7,
6.526:28,137,126,7,
6.195:28,141,126,7,
6.26:28,3,126,7,
6.794:28,13,3,126,
5.912:28,154,122,126,
8.653:28,154,122,126,
7.167:28,19,126,
7.562:28,19,126,
6.521:28,3,137,126,
6.193:28,3,126,7,
6.974:28,3,126,7,
7.019:28,3,138,7,
7.267:28,3,137,123,
6.679:28,134,3,126,
5.457:28,3,122,7,
5.104:155,153,
6.547:28,134,126,7,
6.657:28,134,3,126,
8.244:156,153,126,7,
6.342:28,126,7,
5.859:134,122,126,
5.893:28,134,13,126,
5.857:28,3,122,7,
5.983:28,134,3,126,
5.872:28,134,122,126,
7.574:28,134,122,126,
8.055:28,13,125,126,
8.5:28,13,122,126,
7.258:28,134,122,126,
5.186:28,149,137,126,
6.977:28,59,157,122,
8.251:28,157,125,122,
9.102:28,157,73,125,
8.401:28,157,73,125,
7.251:28,13,122,126,
8.091:28,158,157,126,
6.585:28,53,137,123,
6.974:134,159,13,7,
6.397:28,136,156,7,
5.83:28,134,3,126,
8.077:13,125,126,7,
7.526:28,124,126,
6.734:28,134,122,126,
5.35:3,126,
6.925:28,137,126,123,
7.19:28,59,160,7,
7.469:28,156,160,7,
7.633:28,13,7,
7.908:28,13,122,126,
8.366:28,13,122,126,
6.166:76,13,86,10,
8.612:77,79,5,
7.657:65,75,79,
7.316:65,79,73,10,161,
5.125:79,73,
7.401:75,79,62,
8.857:65,79,10,161,
5.06:75,79,10,161,
6.92:75,79,73,
9.328:75,79,10,140,
5.834:75,79,86,
6.408:163,75,78,79,
7.173:75,78,79,86,
6.646:75,78,79,
4.236:75,78,164,79,
6.852:163,75,78,79,
7.178:65,75,79,86,
7.96:75,79,86,
2.437:75,79,86,
5.854:75,79,62,
3.913:75,79,
5.79:75,79,86,
4.496:75,79,86,
5.359:26,75,79,86,
3.481:36,75,79,140,
6.331:75,79,86,
7.423:75,79,
4.924:75,79,86,
4.852:75,78,79,86,
5.448:75,79,86,121,
4.202:165,75,78,79,
5.632:75,78,79,13,
7.131:75,166,79,86,
5.855:77,75,79,
5.187:75,79,86,
8.105:75,79,86,
6.068:75,79,86,
8.868:75,79,86,
7.699:75,79,86,
6.956:75,79,86,
4.749:75,76,79,86,10,
5.873:77,75,79,86,
6.553:75,76,79,86,10,
6.63:75,79,86,62,
6.325:75,76,79,86,10,
6.805:77,75,79,86,
6.318:79,83,10,
6.649:77,75,79,140,
4.197:75,79,13,34,
7.903:75,78,79,10,161,
4.002:75,79,13,34,
4.119:75,78,79,
5.843:75,76,79,13,10,
6.129:75,79,13,86,
6.461:75,79,86,
5.306:75,79,86,
5.052:75,79,13,34,
6.058:75,79,13,86,
4.668:75,76,79,13,10,
8.669:77,75,79,86,
8.298:75,79,86,
5.485:77,75,79,
7.621:75,79,86,10,
4.761:75,79,86,
6.365:75,78,79,86,
4.295:75,79,86,
7.784:75,79,86,
4.868:77,75,79,86,
6.183:75,79,73,86,
6.684:75,79,86,
5.136:75,78,79,86,
4.446:75,78,79,86,
4.734:75,78,79,86,
4.651:75,79,86,
7.331:77,75,79,86,
6.443:75,79,86,
6.871:77,75,79,86,
8.555:75,79,86,
5.137:75,78,79,
7.347:77,75,79,
7.909:75,79,86,
4.711:77,75,79,
3.476:75,78,79,
7.334:75,79,86,
5.601:75,76,79,86,10,
7.46:75,79,62,
6.446:75,78,79,86,
3.775:75,78,79,86,
7.025:75,166,79,86,
7.854:75,79,86,
4.817:136,168,13,7,
5.319:169,3,137,7,
8.796:169,59,137,151,
9.063:169,170,137,151,
9.367:169,151,7,
7.525:169,13,151,
8.249:173,141,174,
8.083:65,173,141,174,
4.969:13,120,
3.303:
3.37:
4.438:139,13,120,
5.767:12,13,3,5,
8.186:12,2,13,5,
6.421:12,2,13,5,
7.645:12,13,5,
8.187:12,68,13,5,
5.143:12,2,13,5,
6.987:12,2,13,5,
7.211:12,3,5,
7.298:12,3,89,5,
4.789:12,175,122,5,
5.128:12,6,122,5,
6.828:12,2,122,5,
4.806:12,6,2,5,
7.936:124,157,13,125,
4.741:12,118,122,5,
4.372:12,118,19,5,
5.543:12,53,120,5,
6.789:12,111,120,5,
5.814:12,3,122,5,
6.529:28,111,120,122,
7.94:28,158,168,120,
7.872:176,120,177,128,
7.161:176,13,120,128,
7.826:28,136,178,154,
6.706:13,73,123,
6.453:176,111,13,120,
8.98:166,176,128,
7.123:176,120,125,
8.085:176,125,174,
6.549:72,120,125,
8.686:166,176,157,
6.653:176,157,120,125,
7.722:78,176,157,120,
7.678:36,179,157,125,
6.37:118,111,53,122,
6.879:28,118,111,122,
5.454:12,28,122,5,
6.014:12,28,122,5,
6.248:28,118,122,5,
7.435:28,111,122,
4.414:28,3,138,
7.237:28,134,126,
9.199:125,141,126,
8.918:180,141,126,174,
8.108:111,53,141,122,
7.868:134,111,141,126,
6.337:111,141,126,174,
6.347:111,13,126,
8.108:28,125,126,
7.035:111,141,126,
7.249:28,141,126,
7.419:28,141,126,
4.42:12,21,3,5,
4.571:12,3,122,5,
6.125:12,28,118,
7.316:28,118,5,
8.048:8,12,5,
5.585:12,28,3,5,
7.056:53,5,
6.19:53,5,
7.197:176,13,125,141,
5.112:23,157,181,
7.527:157,13,125,
7.371:28,134,126,
6.506:13,120,125,126,
6.078:28,118,3,7,
7.15:111,125,
6.319:28,3,122,
4.704:2,3,137,
5.571:3,137,7,
5.182:141,3,137,
5.938:28,3,137,
7.265:12,13,71,5,
6.747:6,168,3,123,
7.491:182,183,160,137,
8.405:13,137,126,
7.066:183,160,137,
6.827:12,118,2,5,
5.428:183,142,137,
7.716:28,184,3,126,
7.023:28,135,136,158,
6.939:54,142,3,7,
6.557:184,16,142,123,
7.306:135,136,156,3,
5.487:135,185,128,123,
5.587:6,142,5,
6.647:186,142,3,123,
6.774:160,142,137,7,
7.5:156,160,142,137,
6.285:6,142,5,
6.575:160,142,187,
6.719:6,21,142,5,
6.952:136,142,123,
8.183:136,142,
6.554:54,142,3,7,
6.461:156,142,3,7,
5.891:160,142,137,7,
6.526:156,142,3,71,
8.429:186,142,13,
3.794:142,13,
8.228:178,125,141,174,
7.096:186,13,126,
6.287:156,111,142,53,
6.962:160,142,5,
3.406:111,13,
5.963:53,62,137,5,
5.721:156,111,142,53,
5.994:6,142,3,7,
5.814:13,62,137,5,
7.639:188,184,3,137,
7.785:28,158,88,123,
5.365:59,88,123,
7.857:160,189,137,7,
7.582:188,158,184,3,
6.628:59,16,131,123,
7.917:28,156,5,123,
4.137:28,188,3,
6.194:28,6,3,126,
4.492:28,131,3,
6.633:28,141,3,174,
5.627:28,6,3,119,
5.442:28,3,126,
5.598:158,123,
8.3:28,184,13,137,
5.47:16,88,3,123,
7.47:28,13,125,126,
7.519:12,6,3,5,
4.855:190,158,3,
6.406:28,1,122,
7.666:28,59,13,126,
6.445:12,28,3,5,
6.971:28,3,122,
8.445:28,38,13,126,
7.897:12,28,3,5,
8.836:12,28,3,5,
6.227:3,122,126,
7.304:28,136,13,122,
5.558:12,118,3,5,
6.377:12,28,118,5,
6.14:28,3,122,
3.924:28,3,123,
9.259:28,158,147,
7.801:12,28,6,5,
8.628:135,184,137,121,
7.768:28,135,156,5,
8.946:135,184,137,121,
7.636:135,160,7,
7.037:28,135,136,123,
5.357:191,135,136,123,
6.838:135,13,
7.397:135,136,13,137,
6.87:135,136,156,5,
5.22:135,65,186,192,
7.411:135,158,186,123,
7.389:135,186,13,126,
6.784:135,186,13,126,
6.274:135,186,13,126,
7.129:135,6,136,137,
7.597:28,135,184,3,
6.305:135,6,136,147,
7.725:28,135,152,137,
6.838:135,184,152,
6.766:193,3,7,123,
8.509:19,172,71,7,
8.195:147,125,126,123,
6.247:28,38,147,123,
7.234:28,184,38,126,
1.925:19,4,81,
6.671:28,172,62,
6.027:1,19,172,7,
8.182:2,62,151,7,
8.637:1,172,7,
5.156:134,148,111,7,
6.338:28,148,13,3,
6.761:141,133,121,174,
6.062:28,38,3,121,
8.52:28,13,133,121,
6.344:136,13,133,121,
7.718:194,195,13,121,
5.84:136,192,13,102,
6.95:
8.027:194,195,13,121,
7.351:172,7,
5.88:28,62,3,123,
5.688:28,72,111,153,
6.621:194,176,13,128,
6.096:28,3,126,
10.064:194,72,141,
9.391:196,111,123,
5.82:72,111,197,
7.461:72,154,198,13,
6.953:194,188,18,13,
5.362:188,13,
5.156:194,188,13,
8.601:188,78,
6.238:188,160,159,
6.211:28,116,188,
8.535:16,172,2,7,
4.356:191,111,177,102,
8.247:184,137,133,121,
9.502:195,13,126,
8.287:194,13,126,
7.335:188,143,121,
4.972:194,13,3,
5.953:188,1,172,3,
7.634:28,188,1,122,
7.525:200,154,4,
6.091:191,136,3,
6.945:191,28,197,123,
5.995:136,148,157,13,
6.844:157,125,
8.01:13,125,
5.518:195,13,125,
7.284:16,13,
3.884:136,157,125,
7.561:1,21,19,
6.48:157,141,121,174,
4.599:188,136,3,7,
6.194:194,188,72,197,
7.369:58,45,21,172,
6.491:188,143,13,121,
5.594:188,137,
6.874:1,19,172,122,
6.611:12,28,122,5,
7.131:154,13,74,
6.735:1,2,151,7,
8.005:28,137,121,
5.7:11,19,13,
5.66:188,133,
6.769:90,65,137,
5.735:54,13,
6.873:1,19,3,7,
6.081:188,148,5,
8.002:72,201,7,
5.755:28,188,136,3,
7.892:28,188,184,3,
5.47:191,188,121,
7.419:58,59,172,5,
2.758:19,4,81,5,
5.603:28,1,21,5,
4.86:194,188,13,
6.367:78,189,62,
7.152:188,172,3,7,
6.467:188,13,121,
6.042:194,188,160,13,
6.627:148,141,7,174,
7.093:173,59,132,151,
6.086:172,3,7,
6.014:
5.32:113,7,5,
6.297:188,172,132,7,
5.655:188,201,121,
6.719:45,172,62,113,
4.951:134,172,2,13,
2.554:165,19,62,5,
5.255:202,177,121,
5.482:141,121,174,
7.503:59,148,133,7,
7.068:59,16,
6.341:59,15,
7.424:204,160,131,3,
7.739:204,123,
6.051:59,160,88,7,
9.613:160,88,91,121,
7.467:59,15,73,205,
7.001:160,88,206,7,
7.407:160,88,206,7,
8.018:160,16,88,7,
7.597:59,160,88,206,
7.769:204,59,160,7,
7.288:204,206,7,5,
6.494:160,91,121,
9.047:59,123,
7.875:88,206,3,7,
7.788:160,88,7,
6.618:160,88,206,
7.627:160,88,206,7,
8.974:204,160,16,7,
8.36:160,206,74,7,
7.058:160,74,7,
8.151:59,160,16,
8.7:59,160,187,7,
9.05:59,160,187,7,
8.901:59,160,206,7,
7.64:59,160,206,7,
7.791:160,187,7,5,
7.306:160,172,62,7,
6.288:160,206,7,
6.913:160,206,138,7,
6.969:207,7,
8.811:204,136,59,160,
8.994:59,160,88,123,
7.703:23,106,7,
8.874:160,88,206,7,
7.389:59,160,88,121,
8.293:59,160,88,123,
10.309:59,160,172,7,
10.424:59,160,7,121,
9.853:190,160,7,208,
9.852:59,160,123,
8.656:59,160,
7.895:59,160,88,7,
10.006:160,3,7,208,
7.972:59,160,88,207,
8.788:59,160,88,
7.299:59,160,88,207,
9.502:59,160,172,
9.41:59,160,172,
8.28:209,59,160,206,
8.48:59,160,187,5,
8.975:59,160,172,
8.601:209,59,160,7,
8.312:204,59,160,7,
8.617:160,88,187,7,
8.887:59,160,91,7,
9.354:59,160,172,7,
9.431:59,160,172,
9.122:59,160,88,131,
8.988:59,73,187,5,
8.887:59,160,88,172,
8.894:158,59,88,123,
7.422:160,88,206,7,
9.475:59,160,148,91,
8.086:59,160,91,7,
9.034:59,160,137,121,
8.679:160,88,7,
8.861:59,160,172,
6.95:209,160,148,121,
7.81:59,160,172,7,
9.278:209,160,206,7,
8.885:59,160,7,
9.529:59,160,7,
7.848:65,59,160,15,
6.76:59,160,15,210,
7.988:59,160,148,91,
9.531:59,160,148,91,
8.406:26,59,160,5,
7.4:26,59,160,
8.315:209,59,160,
8.228:209,59,160,
7.986:59,160,172,7,
7.042:59,160,137,121,
9.79:59,160,88,7,
9.076:59,160,7,
7.879:135,59,160,121,
8.008:185,59,160,
6.86:191,160,91,7,
5.648:139,192,13,
6.251:28,3,123,
6.63:12,96,88,5,
8.012:85,121,123,
6.235:58,59,160,
5.432:88,13,3,126,
5.557:212,134,7,5,
6.161:158,88,126,123,
3.277:19,71,5,119,
5.441:88,3,5,
7.326:213,157,13,126,
5.407:59,88,7,
6.063:26,134,7,5,
4.23:26,212,88,5,
3.137:58,19,211,5,
6.435:88,126,7,123,
5.9:29,88,13,126,
5.773:214,3,207,
6.763:3,126,7,
5.859:28,59,3,5,
5.957:12,213,13,126,
7.496:28,213,13,7,
5.871:188,6,3,123,
6.154:157,141,208,
6.472:182,29,59,16,
5.819:59,15,73,
6.548:102,126,5,
5.351:88,131,126,7,
6.569:88,3,126,123,
4.601:29,88,3,126,
6.803:85,88,7,123,
6.76:85,88,7,123,
7.739:59,160,7,211,
5.659:158,178,121,123,
7.258:53,207,7,5,
6.77:59,160,7,
4.257:12,215,3,5,
3.42:29,16,3,119,
4.703:59,121,123,
5.586:13,126,121,
3.867:16,3,5,
5.45:58,160,13,211,
4.143:28,6,53,5,
4.857:12,28,53,5,
8.209:65,59,160,211,
5.819:13,126,7,
5.307:26,28,126,123,
4.74:28,3,207,5,
5.738:85,131,3,123,
5.972:59,13,7,5,
5.409:88,3,126,
5.092:29,88,3,5,
4.665:6,58,19,211,
5.262:29,88,126,7,
6.86:28,3,119,
4.295:11,13,83,5,
5.349:12,28,212,5,
6.857:65,160,15,211,
7.336:26,13,53,5,
5.108:88,3,7,5,
6.044:12,129,13,5,
6.441:213,157,13,126,
7.844:88,3,7,123,
7.42:160,54,13,
5.027:88,172,131,7,
8.175:59,196,73,
6.315:28,216,13,126,
6.744:72,125,92,
4.662:38,3,7,5,
5.028:212,88,3,5,
5.196:13,141,3,137,
4.745:58,59,160,211,
3.394:12,26,53,5,
6.302:139,192,13,7,
8.324:59,160,7,211,
5.865:13,7,5,
4.664:212,207,7,5,
6.468:157,13,141,126,
7.265:58,160,217,211,
4.489:12,28,3,5,
6.558:191,28,136,123,
4.158:29,16,3,7,
4.634:139,192,13,121,
5.76:28,213,157,13,
4.827:158,85,88,123,
5.531:65,59,15,211,
4.887:88,131,3,7,
4.194:65,13,3,137,
6.404:170,3,126,7,
3.547:29,3,5,119,
4.962:6,178,142,3,
6.48:6,142,3,126,
5.58:6,142,3,207,
6.328:6,142,3,207,
5.688:6,142,3,207,
6.845:6,142,3,137,
6.628:183,142,137,
6.653:136,142,13,207,
7.564:6,136,142,13,
7.103:6,142,137,207,
6.804:183,142,3,137,
5.48:136,142,13,131,
4.76:28,118,5,
5.5:12,28,7,5,
6.112:12,28,118,5,
5.19:12,118,3,5,
6.046:12,28,13,5,
5.193:12,88,13,5,
6.045:59,88,13,5,
4.424:118,3,5,
4.272:13,120,218,5,
5.699:12,59,13,5,
4.666:12,28,3,5,
6.509:12,88,13,5,
6.02:88,13,5,
5.262:178,3,151,7,
6.13:13,3,137,151,
6.555:6,3,151,207,
5.53:28,3,207,7,
5.832:3,207,7,5,
9.355:176,157,13,126,
6.705:176,157,13,126,
8.594:176,13,125,126,
7.431:176,157,13,126,
5.943:28,134,3,126,
7.657:134,13,126,7,
7.976:28,13,197,137,
5.543:13,197,44,7,
6.946:139,192,13,197,
5.616:28,118,3,5,
7.68:28,172,131,123,
7.559:28,197,3,137,
8.477:28,13,126,7,
8.067:72,197,137,5,
7.036:28,137,151,
4.497:136,3,207,7,
4.957:160,13,5,
4.724:160,13,
7.647:12,157,7,5,
5.648:12,157,13,5,
7.253:12,176,157,13,
5.24:12,176,157,13,
5.569:169,13,137,
5.732:219,13,137,126,
6.194:72,197,137,
7.916:28,168,126,7,
6.084:219,72,13,137,
8.243:176,16,157,125,
8.054:62,7,145,220,
8.377:221,13,7,5,
8.186:70,13,218,89,
8.48:16,21,222,13,
6.577:28,131,3,151,
6.994:13,151,
7.933:72,76,223,125,
7.364:194,136,13,151,
8.874:157,13,125,
7.015:13,125,126,218,
5.335:12,13,5,
1.622:19,4,71,
6.415:13,126,89,
6.777:65,13,126,89,
8.06:139,13,126,89,
7.395:222,13,126,89,
6.355:25,70,13,126,
7.377:21,70,7,89,
6.981:224,13,137,151,
9.28:155,13,137,7,
7.284:139,13,126,89,
4.536:12,21,3,5,
2.866:19,71,7,5,
3.865:19,71,7,5,
5.474:16,21,3,7,
8.585:88,73,7,
8.792:55,73,7,
5.482:12,30,3,5,
6.162:6,18,3,7,
5.136:12,45,3,5,
6.917:165,224,13,62,
5.756:11,12,13,5,
3.855:28,1,122,71,
5.225:28,1,180,122,
4.318:28,122,71,
4.478:28,1,122,71,
6.323:28,1,71,
3.634:28,1,3,
2.723:28,1,122,71,
5.563:1,207,5,
4.147:28,1,180,122,
4.948:28,1,137,
6.921:28,1,27,
4.462:28,1,3,71,
5.459:28,1,180,71,
7.366:216,13,137,7,
3.351:28,13,
3.688:9,189,53,5,
8.251:13,218,225,
7.639:28,1,131,207,
5.392:28,6,189,3,
4.299:28,1,6,3,
3.899:6,226,3,137,
5.779:28,1,111,180,
5.167:28,1,6,3,
8.491:28,160,53,3,
7.336:160,5,
5.43:28,9,5,
3.262:28,1,3,
3.801:28,111,180,
4.732:28,1,30,5,
4.669:28,3,207,
7.715:191,227,28,184,
6.981:28,219,199,
6.062:28,1,111,180,
7.535:29,160,15,
5.008:53,137,5,
7.236:28,111,180,
4.364:26,28,5,
5.516:28,180,137,
6.687:227,28,88,7,
5.221:28,6,3,122,
6.727:228,160,5,
4.384:28,1,27,5,
5.489:229,13,
5.199:104,189,7,
5.172:28,156,189,7,
5.516:72,59,179,157,
1.708:28,1,111,180,
5.849:230,13,126,
8.38:28,38,230,13,
6.952:13,126,
5.126:229,13,126,
4.352:28,1,111,180,
3.582:28,1,3,5,
5.466:28,58,16,5,
6.534:26,28,115,126,
6.954:227,26,6,3,
4.227:28,1,3,207,
5.058:189,3,7,
4.694:178,13,126,
3.374:28,1,180,122,
6.469:28,53,123,
5.579:28,189,53,123,
6.711:28,88,126,114,
3.726:6,226,3,137,
3.764:28,1,153,189,
5.121:28,180,207,
7.475:72,59,125,126,
4.683:1,118,27,5,
3.612:27,226,3,137,
4.97:28,57,27,5,
5.443:224,138,
6.876:28,160,
7.548:28,231,
8.104:28,3,
7.867:28,149,
8.56:28,88,126,
7.13:28,184,3,
6.681:28,154,137,
5.941:28,53,3,
7.177:191,227,126,
7.2:28,154,142,7,
5.799:28,189,53,5,
6.932:134,189,13,137,
6.09:12,13,5,
5.803:28,61,189,13,
4.4:28,189,53,5,
6.359:28,48,7,103,
3.673:28,1,111,5,
5.762:26,28,38,27,
5.03:57,27,7,5,
4.679:191,3,207,
5.976:182,16,13,121,
3.727:16,3,207,5,
4.941:3,126,114,7,
4.378:12,3,5,
5.088:16,113,3,5,
5.796:12,215,2,5,
4.274:216,88,13,114,
5.42:216,13,126,114,
4.371:88,3,126,114,
5.275:13,147,232,126,
5.643:88,113,5,
4.641:88,2,113,5,
5.204:6,58,2,3,
4.304:2,3,
6.259:158,133,
5.709:16,3,5,
3.939:16,3,5,
5.658:158,233,126,114,
7.012:12,3,5,
5.202:16,113,3,5,
6.048:126,114,7,
4.369:16,3,5,
2.633:6,3,5,
4.332:16,113,5,
4.14:135,16,3,7,
2.903:2,62,5,
5.07:16,62,197,3,
4.925:16,113,5,
4.541:113,3,5,
5.979:6,85,7,
4.933:16,113,5,
4.093:16,2,115,7,
4.98:28,3,114,7,
5.761:125,114,7,
6.436:88,7,
6.751:88,7,
5.419:3,207,7,
6.016:6,16,3,207,
6.2:16,207,123,
5.665:16,62,3,
4.743:16,62,207,
6.449:6,70,3,
7.089:16,70,3,
3.856:16,62,3,
5.233:16,3,
6.616:88,7,
5.369:28,3,126,114,
4.847:16,2,207,7,
3.904:58,2,3,7,
6.054:85,3,7,
4.463:135,58,3,5,
5.068:16,88,
4.523:85,58,16,88,
5.161:16,3,133,121,
4.971:58,2,3,5,
4.113:190,16,3,7,
5.137:135,6,3,7,
6.104:135,3,7,5,
5.004:115,7,
4.526:88,126,114,121,
4.037:135,16,3,5,
6.203:16,7,
3.282:105,3,5,
5.43:135,158,234,133,
5.445:188,3,123,
5.445:188,148,3,
5.716:58,16,7,
3.263:113,3,114,5,
3.562:105,3,5,
4.757:188,6,16,7,
4.729:1,6,3,7,
5.984:23,114,5,
4.776:158,235,133,
6.71:16,88,203,
5.667:29,58,88,7,
7.183:29,7,
6.214:133,203,121,123,
3.434:236,126,114,7,
5.085:158,59,88,131,
6.788:148,16,88,3,
4.56:6,58,148,3,
4.597:135,16,3,7,
5.379:28,3,126,114,
3.516:6,58,2,3,
5.517:58,16,2,7,
4.893:233,126,114,
5.747:158,88,126,114,
7.14:188,133,123,
4.771:16,88,126,114,
5.899:14,237,50,15,
3.972:238,50,48,5,
6.266:14,238,50,7,
5.644:237,3,48,7,
5.538:237,50,5,
4.233:55,237,50,7,
4.979:237,50,239,5,
6.49:29,58,237,
4.817:237,238,196,50,
5.789:237,50,3,7,
4.715:237,50,3,7,
7.585:240,237,238,50,
4.867:237,238,50,71,
5.334:237,238,50,48,
6.522:237,50,48,
5.384:238,50,48,5,
5.107:237,50,73,
3.726:237,16,50,7,
6.299:58,237,16,7,
5.384:237,179,50,
5.725:240,237,238,50,
4.67:237,179,50,
6.676:240,237,238,50,
5.296:190,58,237,7,
5.447:237,50,69,48,
5.557:237,48,7,
6.299:237,50,7,
4.804:59,237,50,
4.324:58,237,88,7,
5.188:29,237,50,7,
5.047:14,237,3,48,
3.233:237,50,3,7,
3.115:59,237,50,210,
6.169:237,50,7,
5.895:14,237,15,48,
4.325:58,237,50,7,
5.896:240,237,238,50,
4.291:59,237,238,50,
7.608:237,50,241,
5.576:14,237,16,50,
5.303:237,3,7,
4.035:58,237,50,7,
4.102:237,3,71,7,
4.77:237,91,48,7,
4.658:14,237,50,48,
5.361:50,62,48,5,
5.387:188,238,50,
5.825:237,50,242,
6.23:237,50,7,5,
6.244:237,16,50,48,
5.617:237,179,48,
4.265:238,50,3,243,
5.173:237,238,50,15,
5.078:14,237,48,243,
4.952:14,238,50,243,
4.955:16,50,48,5,
5.948:58,50,48,
6.394:55,237,88,7,
3.956:14,237,50,243,
6.408:16,50,48,5,
6.716:26,237,3,7,
5.467:237,50,48,
4.447:240,237,50,111,
4.043:58,237,50,7,
5.55:14,237,50,3,
5.855:237,196,50,123,
5.228:237,179,50,
6.076:237,238,50,5,
5.171:170,48,126,
6.227:237,179,50,
7.528:14,237,50,7,
4.328:238,50,71,5,
7.623:50,48,
5.828:237,50,69,
4.306:14,237,50,15,
5.435:238,50,48,71,
5.552:55,237,115,7,
6.013:240,237,196,50,
6.451:58,237,50,7,
5.24:59,237,50,73,
4.859:237,244,7,5,
2.544:237,117,3,5,
6.446:58,237,54,48,
4.829:237,16,50,7,
3.257:237,3,71,7,
5.431:237,88,48,7,
6.62:240,237,196,50,
5.389:240,237,196,50,
4.66:238,50,111,152,
3.965:238,50,48,7,
4.866:6,3,207,
5.506:28,193,13,126,
7.581:28,13,138,
8.033:28,147,3,246,
7.981:28,3,7,
7.761:227,146,28,88,
8.022:134,13,102,126,
5.8:153,13,137,
6.697:160,13,137,7,
6.754:176,125,233,208,
3.263:2,3,71,7,
3.916:1,3,207,
4.358:28,1,3,
5.035:1,207,
5.678:6,148,3,
5.315:142,13,3,
8.265:16,7,5,
5.423:59,156,5,
6.433:142,7,5,
5.694:58,3,7,
4.226:11,83,3,5,
8.359:158,247,125,
6.183:28,134,13,126,
5.995:28,193,13,3,
5.047:11,83,3,5,
5.938:227,28,3,
5.667:11,3,7,5,
6.556:2,3,246,
4.841:28,7,89,5,
5.327:45,13,62,5,
5.857:204,16,88,62,
5.149:16,3,
4.795:16,13,5,
8.697:28,13,218,
5.784:134,147,141,
4.178:3,5,
6.914:176,13,248,
7.055:28,193,245,3,
6.381:3,114,218,
8.665:157,13,126,
5.876:38,16,153,
8.688:248,247,
7.441:59,88,3,
9.439:160,73,7,5,
5.457:11,13,3,5,
4.606:201,3,5,
7.127:59,160,114,
6.28:249,3,7,
5.79:59,16,205,
6.176:58,3,7,
6.683:28,135,7,5,
3.32:135,180,53,5,
6.49:135,13,3,7,
9.482:250,59,160,7,
4.827:111,251,177,
7.462:28,135,59,160,
6.223:59,248,133,252,
5.411:135,53,3,5,
8.541:134,13,7,
6.873:13,253,7,
5.354:135,57,3,5,
5.577:16,3,7,145,
5.666:59,16,2,3,
6.767:157,125,233,
7.558:59,63,115,
7.538:11,21,7,5,
8.837:62,7,5,
6.249:88,3,5,
5.395:106,7,5,220,
5.526:28,135,1,121,
7.438:13,126,218,
5.4:57,3,7,5,
5.421:12,28,3,5,
4.64:106,115,3,207,
6.253:28,3,
6.134:58,59,3,
6.385:28,16,3,7,
5.506:28,134,88,115,
5.667:156,152,3,5,
6.209:6,63,3,7,
6.714:11,13,218,5,
6.853:59,3,7,
6.4:12,157,143,3,
6.532:28,88,5,
6.413:146,59,88,
7.566:134,154,18,7,
6.763:11,83,5,
7.988:28,3,89,5,
5.591:2,115,89,5,
6.562:59,248,121,
4.278:255,51,256,
8.159:255,62,256,
7.653:255,256,7,
8.506:255,15,256,
7.752:255,15,256,
8.137:255,62,256,
8.454:255,62,256,
7.843:255,62,256,
8.586:65,255,256,
7.921:255,62,256,
7.403:255,62,256,
7.743:255,256,7,
6.708:65,255,256,
6.369:255,54,256,
8.951:255,256,7,
6.957:255,256,5,
6.958:
7.029:23,15,
3.4:37,257,
2.35:23,37,3,
6.125:23,14,
6.115:23,5,
4.737:23,37,5,
3.001:23,37,3,
3.015:258,37,3,
3.029:258,37,3,
5.887:258,16,257,
7.651:258,23,16,
5.221:258,23,
4.908:258,23,106,
2.939:258,23,3,
5.481:258,23,16,
5.699:258,23,257,
4.427:258,23,16,
5.859:258,23,87,
3.618:258,23,257,
3.84:23,37,
6.313:37,5,
5.046:62,5,
6.151:23,62,
5.892:23,62,
3.898:23,37,
5.033:23,62,
4.543:23,37,
5.036:23,62,
2.258:23,37,
3.169:23,37,
5.629:166,62,
5.279:166,5,
5.299:166,62,
6.201:166,62,
5.747:166,5,
4.814:23,259,37,
4.058:23,259,37,
4.036:23,259,
5.115:259,37,
3.352:23,259,37,
6.088:23,259,62,
7.549:23,259,62,
5.232:23,259,181,
5.685:23,259,
2.865:23,259,37,
5.119:23,259,260,
6.062:23,259,62,
3.414:23,259,37,
3.38:23,259,62,
7.249:23,259,62,
4.482:23,14,261,
5.511:262,263,264,
4.851:262,263,264,5,
6.933:262,264,5,
7.195:262,263,264,5,
5.728:262,263,264,5,
4.863:262,263,264,62,
4.272:262,264,62,5,
8.172:262,263,264,
7.925:262,263,264,
6.7:262,264,62,5,
5.278:262,263,264,
6.25:105,262,263,264,
6.593:105,262,263,264,
3.059:265,62,
3.404:265,62,5,
5.327:265,62,
3.887:265,62,
5.636:23,260,
6.27:23,260,
7.566:23,260,
4.555:23,260,
5.585:23,62,
7.966:266,48,267,92,
6.928:266,63,48,267,
5.538:266,16,5,267,
5.639:266,58,7,267,
5.822:266,48,7,267,
4.978:266,268,7,267,
6.689:266,58,268,267,
5.049:266,122,48,267,
6.88:266,7,267,
7.646:266,55,268,267,
5.148:266,53,5,267,
8.143:266,269,7,267,
8.841:266,48,267,92,
5.18:266,7,5,267,
6.861:266,267,
5.111:266,7,5,267,
4.672:266,16,5,267,
5.146:266,7,5,267,
5.178:266,60,5,267,
5.346:266,57,5,267,
5.673:266,7,5,267,
5.743:266,267,
6.495:266,268,7,267,
5.759:266,16,7,267,
5.258:266,16,267,
6.802:266,58,267,
6.47:266,21,270,7,
7.258:266,268,270,48,
7.837:266,16,21,270,
6.391:266,271,270,
5.801:266,58,270,7,
5.73:266,58,16,270,
8.32:266,270,48,
5.676:266,270,48,
6.672:266,270,
7.315:266,270,48,92,
6.406:266,270,48,
5.71:266,270,
6.455:266,268,270,
5.496:272,266,270,7,
7.275:272,273,16,48,
5.081:273,58,16,7,
5.608:273,16,57,5,
5.864:254,182,273,61,
6.451:272,273,57,5,
4.195:272,273,57,5,
6.94:272,273,58,48,
6.922:254,182,273,2,
5.746:272,273,57,5,
5.869:273,7,92,
5.093:273,53,57,5,
6.409:272,273,61,48,
5.793:272,273,16,
5.584:273,16,61,
4.115:273,3,103,
4.991:182,273,55,
7.633:273,48,7,
7.404:273,50,60,5,
5.311:273,58,16,
6.73:273,16,
5.084:272,254,274,3,
6.849:272,254,274,16,
4.405:272,274,3,
5.332:274,275,49,
8.767:272,274,21,
4.515:272,274,16,3,
5.021:272,274,58,
5.008:272,274,65,16,
3.967:274,16,3,122,
6.678:272,254,274,16,
8.595:274,16,21,
6.232:272,274,16,49,
4.965:272,274,3,49,
5.127:272,274,65,3,
4.699:274,62,3,122,
5.518:274,58,16,2,
6.823:272,58,16,276,
6.679:277,276,3,7,
9.218:272,65,51,276,
5.998:58,276,7,
9.193:272,276,2,
7.708:16,61,276,
9.269:277,276,2,7,
9.857:272,16,276,7,
6.041:272,276,
7.05:254,58,16,276,
9.472:272,254,106,276,
9.155:21,276,7,
5.804:272,276,
9.642:55,276,48,103,
7.159:29,216,278,
6.612:279,16,216,278,
5.618:29,279,216,
6.753:106,58,16,216,
8.544:58,279,216,278,
6.371:279,216,7,
8.224:279,216,278,7,
5.867:29,279,216,278,
6.261:29,279,216,278,
8.017:58,279,216,278,
7.601:279,216,278,7,
6.003:58,279,216,278,
5.135:29,279,216,278,
4.663:29,216,278,
7.945:58,279,216,278,
7.243:29,216,278,
6.501:58,279,216,
7.599:58,279,216,278,
7.137:58,16,216,
5.568:29,279,216,
5.711:29,279,216,
6.197:29,279,216,
6.046:29,279,216,
7.387:58,16,216,7,
7.7:58,279,216,278,
6.04:58,279,216,278,
6.998:279,16,216,278,
6.451:279,216,278,7,
7.291:58,59,279,216,
5.767:58,16,216,7,
4.904:29,279,216,278,
7.47:58,279,216,278,
5.693:58,279,216,278,
6.653:279,216,278,7,
5.738:58,279,216,278,
6.784:58,16,216,
7.624:58,279,216,278,
5.373:58,16,216,7,
7.25:279,16,216,278,
5.763:58,279,216,278,
7.408:58,279,216,278,
7.815:58,279,216,278,
7.211:58,279,216,278,
7.392:59,16,216,61,
6.36:58,279,216,278,
6.541:58,279,216,278,
6.133:14,58,59,216,
6.23:58,279,216,278,
7.038:58,279,216,278,
7.831:58,279,216,278,
8.25:58,279,216,278,
7.327:58,279,216,278,
7.348:58,279,216,278,
6.439:279,216,278,7,
6.955:58,279,216,278,
8.368:58,279,216,278,
6.433:279,16,216,278,
6.58:58,279,216,
8.05:58,279,216,278,
7.036:58,279,216,278,
6.436:58,279,216,278,
7.081:58,279,216,278,
6.189:58,279,216,278,
6.342:58,279,216,278,
5.514:58,16,216,7,
6.268:279,16,216,278,
6.116:58,279,216,278,
6.658:58,279,216,278,
7.787:58,279,216,278,
8.421:58,279,216,278,
8.153:58,279,216,278,
7.542:58,279,216,278,
6.126:58,279,216,278,
7.395:58,279,216,278,
7.898:58,279,216,278,
8.173:58,279,216,278,
5.622:58,16,216,7,
5.176:58,279,216,278,
6.527:279,216,278,7,
6.045:29,279,216,
8.383:58,279,216,278,
7.11:58,279,216,278,
8.07:58,279,216,278,
6.329:58,279,216,278,
7.756:58,279,216,278,
6.919:58,279,216,278,
6.841:58,279,216,
5.99:279,16,216,278,
6.636:279,16,216,278,
6.007:58,279,216,278,
5.931:59,2,3,211,
5.569:23,59,16,217,
5.3:59,16,217,205,
8.026:59,16,280,
5.998:59,16,281,217,
8.072:59,16,217,205,
6.469:59,15,217,211,
6.738:59,217,282,211,
8.518:85,58,59,211,
6.13:59,3,7,211,
5.661:58,59,3,211,
7.905:58,59,3,211,
7.563:58,59,3,211,
4.627:58,59,3,211,
7.986:59,217,283,211,
8.899:58,59,217,211,
8.872:59,217,282,211,
8.113:59,217,211,
5.155:59,217,282,211,
7.451:14,59,217,
7.067:59,15,
6.424:59,217,282,211,
6.705:59,15,282,
7.948:59,15,217,
6.434:59,217,
4.965:59,15,217,
8.344:106,59,15,
8.595:106,59,217,
8.293:59,15,217,
7.797:59,15,217,203,
8.505:284,59,15,217,
4.737:59,217,282,
6.717:59,15,217,
6.2:59,217,282,
8.739:59,16,217,
10.017:106,59,15,
5.143:59,217,
9.179:59,15,217,
7.471:59,15,
6.729:59,16,217,205,
8.57:59,15,217,282,
10.023:59,16,
8.92:59,16,217,
8.124:59,16,217,
5.439:59,16,217,
10.657:284,59,217,282,
8.302:106,59,
8.55:59,15,217,
8.405:228,14,59,
6.726:59,15,217,
7.846:59,16,7,
9.325:228,59,64,7,
7.414:59,217,282,
6.043:59,217,282,
7.169:59,16,210,282,
7.113:59,16,281,211,
5.839:59,16,217,
7.793:200,59,16,
9.303:106,59,16,64,
8.087:46,59,16,15,5,
4.741:59,15,217,5,
7.092:59,5,
5.914:228,59,217,
10.073:106,59,16,
6.809:59,15,217,
9.448:59,217,62,
5.1:285,286,59,287,
8.918:285,286,59,242,
10.028:285,286,59,242,
7.344:285,286,59,242,
10.48:285,286,59,242,
10.305:59,217,282,
7.677:59,16,217,205,
7.893:59,16,217,205,
6.88:284,59,16,217,
8.581:59,15,217,211,
4.086:59,217,205,282,
6.31:59,217,282,
9.668:
8.528:59,7,
9.457:59,16,217,
9.298:59,16,
8.569:59,16,217,
8.882:59,160,88,7,
7.913:59,217,
9.205:59,196,73,
8.698:59,217,211,
7.95:284,59,16,217,
6.979:59,15,217,
7.802:59,15,217,
8.126:288,62,7,5,
8.537:288,54,62,5,
2.834:65,288,51,3,
6.952:54,21,7,
5.605:288,16,3,7,
5.191:19,3,7,
6.84:288,16,54,7,
7.832:288,16,54,5,
6.007:54,2,7,
3.255:288,19,71,
5.457:288,16,21,7,
7.221:288,16,3,7,
3.081:65,288,51,3,
5.985:288,16,3,7,
7.856:288,16,34,7,
4.898:288,16,3,7,
5.515:288,16,34,7,
4.994:25,16,34,
6.645:25,16,34,
5.566:34,289,
6.281:16,34,102,
3.708:16,19,34,
7.08:54,34,102,
6.349:54,34,102,
4.824:58,16,34,
7.182:113,7,
2.978:53,7,5,
5.864:54,113,5,
5.13:113,7,5,
5.16:51,53,5,
8.169:16,54,102,
6.268:16,113,4,
7.509:16,54,51,
6.231:16,54,5,
8.176:16,54,113,
6.013:16,7,5,289,
5.778:16,275,34,289,
9.123:53,113,5,289,
6.845:16,113,5,289,
7.978:275,53,113,289,
5.493:16,275,5,289,
5.715:16,275,5,289,
6.089:16,3,7,289,
7.376:16,275,7,289,
6.689:275,34,7,289,
5.547:16,34,7,289,
4.488:113,5,289,
5.89:275,34,5,289,
6.984:16,275,7,289,
6.705:275,34,5,289,
6.373:16,275,5,289,
6.08:16,54,275,289,
8.302:16,275,7,289,
6.222:16,3,7,289,
5.484:275,34,7,289,
7.72:275,113,5,289,
6.208:16,7,5,289,
5.452:16,34,7,289,
5.733:54,113,5,289,
7.243:16,275,5,289,
8.401:16,34,289,
5.721:16,34,7,289,
6.17:16,34,7,289,
6.507:16,275,34,289,
5.151:16,275,7,289,
5.342:290,5,
5.802:290,5,
4.671:290,5,
4.616:54,290,
6.005:54,290,
4.695:54,290,
5.72:54,290,
4.525:290,5,
4.296:54,290,5,
6.004:54,5,
5.224:54,5,
4.505:54,290,
6.669:221,275,3,5,
4.411:221,275,34,3,
6.056:221,34,3,7,
5.071:221,275,34,290,
5.365:16,164,34,3,
7.746:54,51,164,102,
6.876:16,113,5,
6.005:275,71,5,
7.797:54,4,
5.741:16,34,7,
4.306:34,3,7,
4.265:16,34,7,
7.66:54,3,7,
6.629:28,13,149,137,
7.541:13,126,
6.418:28,136,13,
7.677:72,13,125,126,
6.454:28,141,
6.954:13,125,123,
6.267:28,186,126,
6.621:28,186,13,126,
7.267:28,13,3,126,
7.471:28,158,138,123,
6.919:158,164,92,
8.652:72,59,157,125,
5.277:146,28,3,207,
5.912:146,28,
5.689:209,158,102,
5.579:88,2,3,126,
4.639:6,172,2,3,
7.625:28,6,131,3,
9.404:28,193,131,207,
6.023:191,28,6,126,
6.295:191,146,136,156,
8.52:72,13,125,126,
6.828:158,13,234,121,
5.177:158,13,126,121,
7.46:158,13,138,126,
6.724:28,13,3,
5.9:28,192,13,
6.182:291,13,
7.295:6,58,59,
7.457:59,15,217,73,
6.383:6,3,121,
6.439:65,121,
5.008:2,13,
5.868:58,2,3,
7.67:
7.346:6,2,13,
5.181:58,2,3,145,
6.331:2,292,145,5,
7.112:58,16,73,145,
9.442:204,16,7,145,
5.218:58,2,7,145,
8.524:70,2,7,145,
6.946:16,57,113,5,
4.772:6,2,102,145,
5.21:2,145,5,
7.238:2,62,252,145,
5.023:6,2,252,
6.412:70,244,133,
6.57:16,2,145,
8.041:2,62,145,
6.714:6,2,132,145,
7.255:244,2,132,145,
6.391:6,2,132,145,
7.154:244,2,132,145,
5.939:62,132,151,123,
6.317:2,132,207,145,
6.364:16,62,138,123,
6.069:62,132,138,207,
5.652:65,59,15,
7.08:6,2,132,145,
7.166:12,3,7,5,
5.906:6,88,7,5,
6.403:202,247,
5.6:65,92,
5.061:65,59,15,73,
6.427:
5.229:2,13,145,
6.753:28,68,13,126,
5.877:11,2,13,83,
5.39:28,3,126,123,
6.187:2,7,145,5,
5.571:70,2,7,145,
4.625:6,2,132,145,
6.191:55,73,3,7,
6.677:2,57,145,5,
6.333:94,2,13,5,
6.315:191,200,188,138,
8.31:59,157,13,125,
3.054:19,4,81,5,
4.794:12,19,13,5,
7.987:85,30,13,5,
5.171:293,21,19,115,
5.417:16,2,115,145,
6.768:6,2,132,145,
7.11:2,145,121,
6.346:12,94,5,
4.082:2,3,5,
3.248:293,83,
6.215:16,13,121,
7.003:85,24,2,145,
5.464:293,83,71,145,
4.78:293,83,81,145,
6.002:293,83,81,145,
3.401:293,19,83,71,
3.446:293,19,83,71,
6.047:293,19,73,145,
3.84:6,2,3,145,
4.227:293,83,141,5,
4.017:2,3,145,5,
3.138:2,3,145,5,
5.055:2,83,3,145,
4.757:2,83,3,145,
5.137:6,2,3,145,
5.499:293,83,3,145,
5.243:2,83,3,145,
4.83:26,62,145,
6.282:2,73,145,5,
5.949:2,73,3,145,
5.047:2,3,145,5,
4.411:16,2,62,145,
4.42:2,62,145,5,
4.809:293,2,83,145,
6.038:2,3,48,
4.115:16,2,83,145,
8.546:16,18,7,145,
6.61:6,62,83,145,
4.818:2,13,145,
6.803:
3.477:294,2,83,145,
4.208:294,21,83,3,
5.262:294,83,3,145,
3.873:294,2,83,145,
5.629:294,223,83,145,
5.498:294,16,83,145,
4.805:2,83,3,145,
5.215:295,21,83,145,
5.574:295,21,83,145,
5.121:295,21,83,145,
5.209:295,21,3,145,
6.503:295,62,83,145,
4.989:110,293,83,145,
10.512:65,59,15,145,
5.41:2,83,3,145,
4.696:293,2,145,
3.374:16,115,3,145,
5.743:2,115,141,3,
6.028:6,62,132,3,
7.298:293,62,83,145,
4.97:293,83,145,5,
6.947:286,59,62,145,
5.622:295,62,83,145,
6.747:295,62,3,145,
6.409:6,293,2,145,
4.875:295,62,3,145,
7.418:295,62,145,5,
6.047:263,62,145,
7.55:295,293,62,145,
8.318:293,59,73,145,
5.551:293,2,83,145,
7.486:293,73,83,145,
6.278:295,62,83,145,
5.362:295,2,62,145,
5.113:295,263,62,145,
6.608:293,21,62,83,
7.366:59,19,2,145,
7.822:2,7,145,
6.03:2,73,3,145,
4.889:16,2,3,145,
5.353:266,293,83,145,
6.505:21,2,7,145,
5.292:293,2,3,145,
5.205:293,88,2,83,
5.625:293,2,3,145,
4.766:293,2,48,145,
6.492:293,2,7,145,
6.343:293,2,145,5,
5.805:293,2,145,5,
4.621:293,145,5,
4.651:2,53,145,5,
2.762:293,19,71,5,
5.15:293,2,145,
5.093:2,53,5,
6.087:2,3,145,
4.266:6,53,71,5,
3.721:19,71,145,
6.227:16,3,48,
7.459:2,3,48,
5.752:293,83,144,145,
5.776:6,293,83,145,
6.845:293,2,145,
6.822:6,94,21,5,
7.918:94,59,21,5,
3.243:94,19,71,5,
7.022:94,62,5,22,
3.719:6,94,3,5,
3.065:94,21,71,5,
9.791:94,59,21,5,
5.129:94,31,5,22,
2.439:94,19,71,5,
2.589:94,296,71,5,
6.342:6,59,21,3,
4.915:94,21,5,22,
4.457:94,21,3,5,
6.149:94,21,62,5,
5.678:11,94,21,5,
7.05:12,297,5,
6.299:21,83,3,7,
4.714:6,21,3,7,
4.439:6,94,13,
5.549:94,21,5,22,
5.889:94,21,5,22,
5.544:94,21,3,5,
5.334:11,94,83,5,
9.976:11,166,62,20,
5.769:19,71,7,
4.676:273,16,21,5,
4.352:11,6,19,5,
3.809:11,21,83,5,
4.429:11,6,94,71,
4.785:11,94,5,22,
6.125:94,21,5,22,
4.486:11,94,71,5,
3.126:12,94,21,5,
10.046:94,59,73,62,
6.695:11,94,5,22,
6.295:11,94,83,5,
5.773:189,62,113,
6.193:11,94,5,22,
6.172:94,296,5,22,
9.298:94,18,10,5,22,
7.701:189,73,5,
5.078:12,88,3,5,
4.373:6,94,19,71,
6.493:11,94,5,22,
6.594:11,19,13,5,
5.18:94,21,296,5,
4.356:94,21,296,3,
5.819:11,94,7,5,
6.549:94,83,298,5,
4.354:65,94,83,298,
4.73:188,21,3,7,
7.276:11,94,45,83,
8.037:6,19,71,
7.4:12,94,118,5,
6.306:94,62,5,
3.799:65,94,5,
5.61:19,71,7,5,
8.907:94,21,7,5,
7.792:94,5,22,
7.038:94,21,189,5,
7.487:11,62,5,
7.326:28,59,62,123,
4.814:94,3,5,22,
10.069:23,21,5,
7.354:94,5,22,
9.323:223,62,83,299,
5.5:223,62,83,299,
8.157:94,16,189,92,
4.929:94,21,5,22,
6.063:94,21,5,22,
4.784:16,21,5,22,
4.679:16,21,3,5,
4.077:94,236,7,5,
5.861:94,16,21,3,
2.477:94,19,81,5,
2.89:11,94,71,5,
5.473:94,15,7,
6.38:94,29,21,7,
4.985:94,62,5,22,
5.626:94,5,220,22,
5.65:11,21,5,22,
5.741:94,21,7,5,
7.362:94,59,5,22,
4.736:94,21,5,22,
6.243:11,6,94,5,
7.511:11,94,5,22,
5.731:94,189,3,7,
4.642:94,62,5,
4.175:12,94,21,5,
7.947:94,62,5,22,
6.885:14,65,15,73,
7.65:65,59,15,73,
5.046:65,15,73,282,
5.395:65,59,15,73,
7.197:59,15,73,
8.411:65,15,73,
9.518:59,160,73,87,
5.163:217,73,
5.784:65,59,15,
8.191:15,73,
9.641:59,15,73,
8.495:14,15,73,
8.031:15,73,282,
7.433:300,15,248,7,
5.587:15,73,248,
6.496:14,59,15,73,
8.961:224,15,73,123,
6.553:15,281,217,73,
7.4:15,73,248,
7.834:65,15,73,282,
6.382:65,59,15,73,
7.458:73,282,
4.797:65,15,73,282,
5.948:15,73,
7.514:14,15,
5.991:15,73,282,
6.591:65,15,73,
6.484:15,73,
7.386:15,73,203,
6.212:65,59,15,73,
7.439:65,15,73,
8.851:65,15,73,
6.528:65,15,
8.058:15,73,248,
8.566:65,15,73,282,
6.412:15,73,248,
8.944:73,282,
7.078:59,15,281,73,
6.207:15,73,203,
7.589:59,15,73,
6.716:65,15,73,
5.763:59,15,73,
7.326:65,15,73,
8.61:15,73,
5.18:65,15,73,
9.298:65,15,73,
5.289:15,73,282,
5.695:59,15,73,
7.256:54,15,73,
10.219:14,15,73,
9.128:15,73,
7.969:59,73,282,
6.493:15,301,73,
7.123:65,15,73,
7.459:15,73,203,
6.881:14,65,15,73,
8.614:65,160,15,73,
8.688:65,15,73,218,
8.103:65,15,73,
7.304:59,15,73,20,
7.941:15,18,73,
6.565:65,15,73,
9.269:15,73,
8.484:65,15,73,
5.585:59,15,5,
8.192:59,15,73,
6.567:65,15,281,73,241,
7.324:15,73,210,
9.141:15,73,
5.561:73,7,
6.715:65,15,73,
5.384:59,15,73,
7.357:65,15,73,
8.163:59,15,73,
6.738:65,15,73,282,
7.882:224,73,203,
8.394:65,59,15,
7.782:15,73,282,
8.496:15,73,7,
9.046:15,73,
9.117:15,73,
10.4:160,15,73,
8.316:15,18,73,
8.722:65,18,73,
4.236:59,15,73,
7.347:224,15,18,73,
6.949:15,73,
7.236:65,15,73,
7.501:14,15,282,
8.829:15,73,282,121,289,
6.069:13,302,5,
6.912:13,74,302,
7.492:13,74,302,5,
6.504:229,13,74,302,
8.095:13,74,5,
6.103:13,74,302,
6.67:13,74,302,
6.781:13,302,5,
6.698:162,13,74,302,
7.245:229,13,74,302,
7.921:74,302,5,
6.191:
5.524:13,302,
6.403:74,53,302,5,
6.224:
6.953:13,302,
7.622:229,162,74,302,
5.915:229,13,74,302,
6.345:229,224,13,302,
6.988:229,13,74,302,
6.706:229,13,302,5,
7.159:13,74,302,
6.375:229,13,74,302,
5.956:229,13,74,302,
6.829:13,302,5,257,
7.102:13,74,302,5,
7.393:13,74,302,
6.112:13,74,302,5,
6.135:13,74,302,5,
7.662:13,74,302,5,
7.261:13,74,302,5,
6.575:13,74,302,5,
6.354:13,74,302,5,
7.121:13,74,302,5,
7.263:13,74,302,5,
5.64:13,302,
4.951:13,74,302,5,
7.208:13,74,302,5,
6.866:13,74,302,5,
8.014:13,74,302,5,
8.469:38,13,5,
7.022:13,74,302,5,
7.964:13,74,302,5,
6.86:13,74,302,5,
7.23:13,74,302,5,
8.027:13,74,302,5,
7.133:13,74,302,5,
8.779:38,13,74,302,
7.963:74,3,5,
8.222:13,74,302,5,
6.135:13,74,302,5,
7.442:13,74,302,5,
6.538:13,74,302,5,
6.934:13,302,5,
5.67:185,13,302,
6.445:13,74,302,5,
5.701:13,302,
6.9:13,302,121,
6.268:13,74,302,5,
7.866:13,302,5,
6.736:13,74,302,5,
7.167:13,74,302,5,
6.62:13,74,302,5,
7.548:13,74,302,5,
7.288:13,74,302,5,
7.245:13,74,302,5,
4.606:13,302,
6.657:13,74,302,5,
5.852:13,302,
7.846:13,74,302,5,
7.334:13,302,
6.084:13,74,302,5,
5.256:13,302,
6.68:13,74,302,5,
6.301:13,74,302,5,
7.111:13,74,302,5,
7.338:13,74,302,5,
6.699:13,74,302,5,
7.591:13,74,302,5,
5.521:13,302,
7.642:13,302,
7.542:13,74,302,5,
6.276:13,74,302,5,
5.013:13,302,
6.836:13,74,302,
8.628:13,74,302,5,
6.983:13,74,302,5,
5.687:13,302,
7.176:13,74,302,5,
5.918:13,302,
5.211:152,137,133,151,
3.976:199,152,133,151,
5.109:303,83,133,7,
4.718:199,152,133,151,
4.038:199,152,102,133,
4.662:28,13,115,133,
4.391:115,152,133,7,
5.868:28,13,199,133,
4.96:13,115,152,133,
4.537:152,137,133,7,
4.78:13,152,137,133,
7.303:13,137,133,7,
4.189:28,199,102,133,
3.55:303,83,152,133,
3.929:303,83,152,133,
3.374:303,83,152,133,
3.516:13,303,83,133,
4.11:227,304,199,151,
4.427:303,152,305,133,
4.036:13,199,137,133,
3.658:28,199,102,133,
4.939:28,152,137,133,
3.39:199,152,137,133,
5.521:199,152,102,133,
5.067:13,199,152,133,
4.489:152,305,137,133,
4.058:303,305,137,133,
3.465:152,305,137,133,
4.21:152,305,137,133,
4.426:199,115,102,133,
4.183:199,83,152,133,
4.105:13,199,152,133,
3.397:102,133,121,
4.196:199,115,102,133,
4.406:199,152,133,7,
4.019:28,13,199,133,
6.263:305,137,133,7,
5.773:305,137,133,7,
6.046:305,137,133,7,
4.523:13,303,234,133,
4.464:152,305,137,133,
5.459:152,305,137,133,
4.714:152,305,137,133,
3.74:303,305,137,133,
4.586:303,305,137,133,
4.77:199,152,133,7,
4.973:13,199,152,133,
5.048:13,199,137,133,
4.078:152,102,137,133,
4.844:152,137,133,121,
4.781:199,152,137,133,
5.781:28,13,115,133,
4.803:191,136,304,133,
4.879:13,137,133,
3.035:13,303,83,133,
4.93:304,13,199,133,
4.61:304,199,133,151,
6.814:191,136,304,133,
4.465:13,137,133,
3.318:70,303,83,133,
5.054:303,83,3,133,
4.176:13,303,133,
3.255:13,303,133,
4.285:13,199,133,151,
3.959:13,199,133,151,
3.65:199,152,133,151,
4.348:13,199,133,151,
4.218:16,303,133,7,
4.228:303,83,234,133,
4.254:28,199,133,151,
4.275:191,28,115,133,
3.551:115,133,151,7,
4.883:13,199,133,7,
4.319:199,152,133,7,
4.578:28,16,199,133,
4.1:199,133,7,
4.492:304,133,7,306,
5.912:304,13,199,133,
4.012:209,1,304,13,
3.779:106,152,137,133,
6.221:13,305,137,133,
4.934:28,199,132,133,
4.328:199,115,102,133,
4.746:28,106,199,133,
4.554:199,137,133,151,
3.739:16,199,133,151,
4.328:16,199,133,151,
3.922:115,137,133,151,
4.58:13,199,133,151,
5.231:199,132,133,151,
4.755:199,115,133,151,
9.426:23,15,260,
9.001:23,15,260,
6.582:23,14,260,
6.738:23,14,260,
7.415:23,14,260,
9.197:23,260,7,
7.315:23,14,260,
7.327:23,15,260,
8.286:23,14,260,
8.456:23,54,260,
9.602:23,15,260,
9.341:23,16,260,
9.46:23,16,260,
5.181:23,260,7,
6.393:23,260,7,
10.59:23,16,260,
11.062:23,16,260,
10.064:23,16,260,
10.211:23,16,260,
8.995:23,16,260,
7.825:23,14,260,
7.495:23,14,260,
6.736:23,14,260,
8.577:23,14,260,
9.44:23,54,260,
9.854:23,260,7,
7.388:23,260,7,
8.867:23,260,7,
8.186:23,14,58,260,
9.704:23,16,260,
6.945:23,7,
9.168:23,14,260,
6.571:23,14,260,
3.824:23,14,243,
6.039:23,307,7,
5.059:
4.703:23,7,
4.2:23,307,7,
5.575:23,307,7,
5.155:23,62,
5.745:190,23,260,92,
6.004:23,105,260,92,
5.755:23,307,7,
4.391:23,48,7,
6.513:23,14,307,
7.151:23,260,7,
5.587:23,14,48,
5.285:23,14,48,
4.677:23,14,7,
5.785:23,14,88,7,
8.4:23,260,7,
8.321:23,260,7,
6.604:23,14,260,
7.911:23,15,260,
8.326:23,260,7,
7.196:23,14,7,
7.715:23,14,16,
3.878:23,59,307,
4.119:23,59,307,
3.826:23,14,243,
5.71:23,260,7,
4.884:23,260,7,
3.258:23,307,257,
5.431:23,307,7,
5.344:23,14,260,
8.52:23,14,260,
5.155:23,307,7,
4.885:23,260,92,
5.229:23,307,260,
4.977:23,260,92,
6.678:23,14,260,
8.068:23,260,5,
6.902:23,260,5,
5.958:23,260,5,
6.361:23,260,5,
6.479:23,260,5,
7.634:23,260,180,
7.873:23,16,260,
5.763:309,23,260,
7.87:23,16,260,
7.076:309,23,260,
7.137:23,260,
7.71:23,16,
8.644:23,260,
7.653:23,16,
8.222:23,260,
6.723:23,260,
6.586:23,260,62,
7.148:23,260,
5.771:23,260,257,
3.294:23,310,37,3,
2.469:23,310,37,3,
2.388:23,310,37,3,
2.817:23,310,37,3,
6.071:46,47,48,49,
6.458:46,47,48,49,
5.964:46,47,49,5,
4.047:46,50,47,48,
7.478:46,106,47,49,
5.017:272,274,16,62,
5.015:272,274,16,62,
5.298:23,16,49,
6.855:23,14,7,
8.233:23,14,7,
7.661:23,14,7,
6.334:96,55,15,311,
6.826:96,55,311,7,
7.756:96,55,311,7,
6.603:106,96,311,7,
7.353:69,312,313,92,
7.187:62,312,269,313,
6.752:54,62,312,313,
5.339:54,312,313,
7.654:62,312,5,
8.241:62,312,5,
6.204:16,312,5,
6.324:46,66,269,87,
4.032:46,66,5,
5.65:46,66,7,5,
6.054:46,55,66,48,
8.584:109,62,312,
5.9:69,312,5,
6.744:78,312,5,
7.081:312,5,
7.032:314,2,62,269,
4.313:106,314,2,87,
5.994:314,2,269,7,
6.577:106,314,2,7,
8.501:16,312,
7.604:78,312,5,
5.011:65,51,48,316,
6.466:55,48,7,316,
4.654:55,48,7,316,
5.826:62,5,316,
8.794:55,317,48,316,
5.988:318,16,144,269,
5.774:319,312,7,5,
4.977:318,16,144,269,
6.749:318,58,16,144,
6.007:112,99,62,48,
4.573:112,99,50,5,
5.66:309,99,16,49,
3.94:112,99,48,243,
6.195:16,319,312,5,
8.177:319,62,312,269,
8.341:23,16,7,
4.594:23,16,257,
5.934:23,48,7,
6.277:23,14,7,
4.016:5,320,
4.099:5,320,
4.16:5,320,
6.289:23,16,54,
6.233:23,16,108,
4.397:110,102,48,
7.156:110,16,48,
6.629:110,16,7,
5.529:312,102,48,
5.167:312,48,7,
5.011:312,102,48,
5.724:312,102,48,
5.069:312,5,
6.81:315,312,5,
5.113:315,312,5,
4.022:321,312,48,
4.139:321,312,48,
3.685:321,312,48,
3.689:312,313,7,
6.129:46,52,16,7,
4.055:46,52,65,51,
6.094:46,52,69,48,
6.348:46,52,83,5,
6.784:62,312,269,
6.609:16,62,312,
5.788:51,62,312,
4.881:16,275,49,
6.028:16,275,49,
6.103:65,99,51,48,
5.804:99,62,5,
4.115:99,48,322,
8.036:88,131,114,7,
6.898:106,62,87,5,
5.228:58,88,7,
6.202:323,58,7,
7.325:28,88,89,5,
6.596:21,115,141,7,
9.498:228,179,7,
6.61:58,7,
4.959:28,2,7,89,
4.658:85,58,88,2,
8.972:179,15,7,
5.726:28,88,7,89,
8.151:285,58,59,205,
5.132:11,13,62,5,
7.261:62,83,7,
7.717:28,88,7,89,
6.432:26,7,89,5,
7.089:324,190,58,7,
6.72:158,88,234,123,
8.405:285,59,73,126,
6.582:28,85,58,7,
7.63:28,7,89,5,
7.579:190,28,58,
4.612:85,58,59,205,
4.165:16,192,13,
5.361:28,58,7,
6.142:28,159,143,7,
6.537:26,13,7,5,
6.22:28,118,88,5,
7.341:62,7,87,5,
6.353:28,13,126,114,
6.037:2,7,87,
5.846:58,73,283,
5.994:28,16,88,7,
5.414:58,7,
6.147:191,28,158,133,
5.174:182,85,58,16,
6.526:62,7,87,5,
4.474:12,94,118,5,
5.603:58,59,73,205,
6.705:58,7,
4.952:16,2,115,7,
5.886:58,7,246,
6.382:16,7,
6.446:58,283,246,
6.854:29,58,216,133,
5.257:23,16,7,
7.539:58,179,7,
7.677:16,91,13,7,
4.94:28,128,252,123,
5.916:58,283,7,
7.534:105,7,5,220,
6.548:105,2,7,5,
7.183:58,16,70,246,
6.134:16,2,7,5,
6.057:28,58,7,89,
5.674:135,21,3,133,
9.204:58,283,7,246,
8.164:58,13,283,
7.436:190,28,85,7,
5.398:29,2,115,7,
7.026:16,2,3,7,
5.927:28,88,7,89,
6.473:28,58,7,
5.629:28,114,7,
9.343:23,58,13,
4.915:16,2,7,145,
6.494:28,13,126,114,
4.983:28,16,7,89,
5.97:28,85,88,7,
8.339:58,7,
9.288:58,13,283,246,
7.299:28,58,7,
7.189:58,16,283,7,
5.317:29,16,115,144,
5.362:58,59,7,
6.475:29,58,13,7,
2.777:2,32,62,3,
5.568:29,58,115,7,
4.634:182,58,205,7,
4.871:105,2,326,7,
7.345:16,283,7,
7.153:28,204,16,7,
5.539:28,58,16,7,
5.451:58,314,16,7,
5.393:58,16,283,7,
6.62:28,85,7,
5.722:13,7,
5.052:16,3,7,5,
7.655:88,234,133,203,
6.888:327,328,322,292,
6.585:327,328,322,292,
6.375:327,328,322,292,
6.833:327,328,322,292,
6.664:327,328,322,292,
6.027:327,328,322,292,
8.595:327,48,322,292,
4.954:327,328,3,292,
6.467:327,328,48,292,
8.473:327,328,292,7,
6.974:65,21,327,292,
5.856:134,327,126,292,
6.634:26,328,292,7,
6.254:327,328,3,292,
5.78:327,328,44,292,
6.75:327,328,322,292,
7.486:327,3,292,7,
6.428:327,328,44,292,
7.345:327,44,292,7,
7.255:2,328,292,7,
6.69:328,44,292,7,
7.768:2,328,44,292,
7.439:328,44,292,7,
6.818:328,44,292,7,
7.173:328,44,292,
6.232:328,44,292,7,
6.122:328,3,292,
6.402:328,44,48,292,
6.063:2,3,292,5,
6.815:327,3,292,
7.199:327,328,292,
6.599:328,44,48,292,
6.326:328,44,48,292,
7.201:327,48,292,7,
6.21:26,3,292,5,
7.369:88,44,292,7,
6.755:26,328,44,292,
7.572:328,44,292,
7.49:26,2,292,7,
6.999:327,115,292,
4.787:327,328,3,292,
6.554:327,292,329,
5.487:328,3,44,292,
6.673:26,3,292,7,
5.748:327,328,48,292,
6.792:327,328,207,292,
6.205:327,328,44,292,
5.943:328,3,44,292,
6.024:26,44,48,292,
6.745:2,328,3,292,
6.871:328,44,292,7,
5.325:327,328,48,292,
6.7:26,327,292,5,
6.318:327,328,292,
8.082:26,327,292,7,
7.434:65,327,322,292,
5.549:328,44,48,292,
7.631:327,328,292,7,
4.607:6,327,3,292,
6.877:26,327,328,292,
5.478:327,328,3,292,
8.657:327,328,292,7,
6.611:134,65,327,292,
5.788:28,327,3,292,
4.351:9,2,3,292,
6.512:26,2,292,
7.249:328,3,322,292,
5.946:21,327,3,292,
7.226:134,327,328,292,
5.825:327,328,3,292,
4.287:327,53,292,5,
4.936:328,3,44,292,
6.606:327,48,292,7,
6.662:327,328,48,292,
8.724:26,2,292,7,
6.545:327,328,3,292,
5.623:328,3,292,7,
5.258:26,2,328,292,
7.194:28,65,292,
5.2:327,328,3,292,
6.184:327,328,292,7,
4.917:327,328,3,292,
6.598:13,328,3,292,
5.402:327,328,3,292,
6.276:328,3,44,292,
7.358:28,327,3,292,
6.067:327,328,44,292,
6.049:328,3,44,292,
6.446:327,2,48,292,
3.679:328,3,4,292,
4.844:141,3,174,
5.368:46,13,47,48,
5.956:46,108,47,48,
3.595:46,176,47,48,
2.449:46,67,244,47,
4.486:46,48,322,
4.485:148,13,48,
6.525:46,129,13,47,
5.415:46,106,47,48,
5.423:46,47,
2.961:46,47,48,
6.023:46,16,47,48,
5.202:46,67,47,5,
3.955:46,67,16,47,
2.773:46,47,48,
4.006:46,47,48,322,
3.841:46,82,47,48,
2.807:46,67,16,47,
3.867:46,82,47,48,
4.62:46,47,48,
4.192:46,47,48,
3.668:46,67,47,49,
5.571:46,16,47,48,
5.075:46,16,47,48,
4.477:46,16,47,71,
3.868:46,47,48,
5.385:46,16,47,
6.482:46,16,47,48,
5.011:46,47,62,48,
3.524:46,108,47,48,
2.803:46,82,47,48,
2.499:46,67,47,48,
5.033:46,47,62,48,
5.494:46,50,47,48,
5.489:46,16,47,49,
5.365:46,50,47,48,
4.363:46,82,47,48,
4.398:46,25,50,47,
4.168:46,13,47,48,
6.056:46,129,13,47,
5.278:46,13,47,306,
5.627:141,121,174,
3.489:46,50,47,71,
3.827:46,47,48,306,
3.766:46,82,47,48,
5.785:46,14,82,47,
4.276:46,28,47,48,
4.188:46,82,47,48,
4.644:46,47,48,
4.445:46,16,47,48,
4.827:46,291,
4.209:46,47,48,
5.224:46,16,47,49,
4.124:46,47,48,329,
5.024:46,50,47,71,
4.853:46,82,47,48,
5.778:46,50,47,48,
3.912:46,82,47,48,
5.436:46,50,47,48,
5.121:46,47,62,48,
4.664:46,51,47,48,
3.852:46,16,47,48,
4.16:46,67,47,49,
4.625:46,51,47,48,
3.832:46,47,48,
5.077:46,16,47,49,
6.244:46,16,47,
6.0:46,16,47,
6.054:46,25,47,48,
3.114:46,47,48,31,
5.219:46,50,47,48,
4.991:46,47,62,48,
4.843:46,47,62,48,
5.332:46,50,47,48,
3.805:46,65,47,
4.961:46,82,47,48,
5.966:46,16,47,49,
5.371:46,28,47,92,
6.212:46,16,47,
4.363:46,67,47,49,
4.66:46,13,47,306,
4.35:46,47,147,48,
3.767:46,47,48,
4.023:46,47,48,
3.894:46,67,47,48,
4.442:46,50,47,48,
5.905:46,16,47,49,
3.678:46,82,47,48,
4.872:46,47,62,48,
5.376:46,51,47,48,
5.705:58,2,123,
5.377:6,2,331,252,
5.389:13,7,
6.137:28,216,
3.397:6,2,3,7,
6.979:58,16,21,
5.573:162,59,332,73,
4.601:2,57,145,5,
7.334:28,13,128,
7.101:55,60,7,5,
5.557:2,91,133,7,
4.78:58,16,2,
4.025:28,3,126,151,
5.224:227,28,111,126,
3.636:6,2,48,145,
3.871:6,2,32,3,
4.569:333,317,13,92,
5.255:192,13,334,
6.499:2,62,252,
5.148:6,16,3,7,
6.281:13,7,5,
6.262:26,57,62,5,
6.271:28,222,13,151,
5.372:13,126,
4.802:2,3,145,
6.492:155,143,13,62,
3.646:6,2,73,3,
6.958:176,335,
6.76:13,151,5,
5.096:2,331,3,145,
8.088:28,250,151,121,
3.919:221,13,57,5,
5.646:58,189,
6.609:16,189,97,7,
6.965:170,13,57,5,
7.165:28,1,13,126,
6.522:28,124,151,5,
3.669:155,28,152,3,
6.307:155,28,90,173,
4.783:28,131,3,151,
6.742:28,142,187,5,
5.83:28,170,38,3,
6.604:28,13,306,
6.559:28,13,151,
5.147:28,151,121,
6.029:28,173,178,
7.1:169,171,13,137,
6.008:28,124,38,126,
4.747:2,3,145,89,
4.063:28,88,2,3,
3.982:28,171,2,3,
8.582:13,73,203,
5.69:28,13,3,151,
4.471:28,38,3,151,
4.381:57,326,7,5,
5.431:28,6,3,151,
5.6:151,7,
5.691:28,13,126,151,
4.591:28,150,13,3,
4.842:28,171,7,145,
5.624:63,64,133,
5.287:105,2,331,5,
3.597:21,2,3,7,
5.193:2,57,145,5,
6.104:28,13,336,121,
5.312:82,2,62,3,7,
6.598:28,13,125,233,
6.454:28,1,13,126,
5.635:73,62,60,5,
7.739:59,73,
3.225:58,2,335,7,
5.736:2,331,3,48,
5.738:6,2,331,3,
6.364:28,126,151,7,
4.921:65,124,13,334,
4.517:6,337,2,145,
5.466:58,2,62,121,
5.971:28,171,2,138,
4.877:171,222,13,
5.487:28,171,13,199,
4.997:338,115,7,
4.082:111,13,126,121,
4.964:28,139,171,
5.183:2,32,3,48,
6.864:28,13,151,5,
5.457:28,2,151,7,
4.742:173,121,123,
6.296:157,2,13,225,
5.106:2,91,48,
7.213:13,126,
5.668:333,13,
5.865:339,13,
5.947:339,13,
7.68:339,192,13,
6.124:339,192,13,
4.933:139,339,13,
5.148:13,151,334,
5.847:13,7,334,
3.472:13,151,334,
6.455:309,13,
6.245:340,13,197,334,
5.554:192,13,
6.836:13,89,
5.189:13,115,
4.347:340,333,13,
6.706:13,62,
7.533:176,340,13,225,
7.78:340,13,
7.561:28,340,13,
5.517:51,340,13,334,
6.104:13,133,151,
5.308:333,13,
6.211:93,340,13,334,
6.685:340,13,
4.69:340,333,13,
6.777:340,13,334,
8.152:340,13,151,
6.379:93,340,13,334,
5.425:340,13,
4.578:339,340,13,
5.982:340,13,248,334,
6.68:339,340,13,
6.471:192,340,333,13,
7.158:340,13,334,
7.467:340,333,13,
4.849:340,13,248,334,
5.615:148,340,333,13,
4.573:192,340,333,13,
7.09:13,151,334,
5.325:139,339,13,
4.641:333,13,
7.135:13,334,
4.474:93,333,13,
5.315:333,13,
5.559:13,334,
6.118:333,13,
5.382:192,333,13,
5.135:70,333,13,
6.292:333,13,341,
6.864:139,342,13,
5.624:13,7,89,
5.342:13,334,
4.953:13,7,334,
6.799:139,333,13,
7.983:139,13,
6.596:139,13,
5.043:139,333,13,
5.18:59,333,13,
5.446:192,13,
5.24:179,13,334,
6.224:192,333,13,
6.063:139,339,13,
7.091:13,334,
5.437:339,13,
4.15:13,89,
5.32:11,333,13,
7.485:13,7,
5.123:339,13,243,
6.825:13,7,5,
6.865:13,334,
7.606:68,333,13,
5.639:93,339,13,
6.406:93,13,334,
4.731:192,333,13,
6.956:343,13,5,
6.298:343,182,13,
6.345:343,70,13,334,
5.616:343,342,13,334,
6.523:343,13,
6.448:343,13,334,
7.13:343,13,
5.643:13,121,
8.63:195,13,
8.584:195,13,
6.732:13,234,
5.895:192,13,334,
7.111:13,334,
6.351:333,13,
4.545:333,13,344,
5.129:
5.633:58,222,13,
5.916:6,21,171,
8.896:171,222,13,7,
5.127:345,13,336,
6.053:202,336,177,
7.173:169,336,177,197,
8.081:336,197,
5.398:21,142,3,7,
4.754:345,333,13,336,
6.529:194,342,13,
7.933:171,222,13,234,
5.826:2,48,151,
6.632:171,199,336,177,
5.973:
6.355:268,222,13,
6.437:345,6,171,3,
6.815:169,13,
6.322:6,16,3,151,
6.545:345,171,131,3,
6.478:2,3,151,
6.324:16,142,3,121,
5.852:6,131,3,
5.318:178,142,3,234,
5.477:345,6,3,151,
6.082:6,131,3,151,
6.087:199,336,92,
6.827:191,2,234,
6.157:169,131,3,
5.887:13,3,151,7,
6.511:169,62,152,133,
6.255:169,6,3,
8.401:143,142,121,
4.641:6,21,168,
5.944:13,121,
5.734:169,197,151,
6.08:13,131,3,151,
7.042:158,142,13,
6.108:
6.049:90,183,121,
7.474:222,13,133,123,
7.135:158,336,5,
6.621:131,151,7,
6.41:169,152,197,
6.571:16,3,151,7,
6.401:222,13,121,123,
7.198:169,142,197,
6.049:183,133,151,
5.211:345,168,131,3,
4.744:169,133,
6.089:169,13,152,197,
8.05:28,73,131,3,
6.114:168,3,151,7,
4.651:169,197,
7.32:222,13,151,
6.238:345,168,151,
5.217:345,168,131,3,
6.632:13,3,
7.888:222,13,151,
4.919:169,152,197,133,
4.974:131,3,
4.662:345,3,151,7,
3.712:191,131,3,151,
4.138:345,168,7,5,
5.829:13,334,
5.387:222,168,13,
6.68:345,183,59,171,
6.132:169,152,197,
7.98:345,3,151,7,
6.912:183,152,3,
6.036:345,158,3,151,
4.317:345,16,168,3,
5.333:345,6,142,131,
5.141:28,3,7,
8.704:183,152,7,
5.958:345,6,151,5,
5.857:183,234,151,7,
5.728:169,183,152,
6.956:169,183,152,
6.054:6,136,142,199,
7.466:345,183,152,
6.961:199,3,151,7,
7.197:88,131,
6.577:169,152,133,121,
8.364:345,183,152,
7.554:336,235,152,133,
7.116:131,151,5,
5.404:131,3,151,
6.862:342,13,3,
7.643:169,152,133,
5.118:169,152,133,7,
5.332:178,153,115,3,
5.648:16,153,115,
4.883:118,27,3,5,
6.576:6,215,27,5,
5.994:28,3,5,
6.412:26,153,137,5,
6.976:12,153,3,5,
6.876:28,250,137,346,
6.425:6,115,3,
5.921:120,3,5,
6.995:102,3,123,
6.479:12,5,
7.175:12,154,3,5,
7.689:28,186,216,115,
6.478:333,347,142,
5.77:
5.234:12,28,189,5,
5.823:28,16,3,322,
6.872:12,154,3,5,
6.822:12,28,5,
8.623:65,153,
6.189:12,28,3,5,
6.791:28,64,137,123,
4.859:28,131,3,137,
7.332:28,216,137,123,
4.683:12,3,5,
6.469:28,7,5,
4.902:27,3,5,
7.225:
9.539:
7.457:72,123,
9.178:28,13,126,
7.569:28,328,3,292,
8.574:118,13,120,5,
6.465:176,128,
7.803:185,111,120,128,
6.779:209,156,13,5,
7.534:12,143,13,5,
6.662:3,7,
6.627:12,28,88,5,
5.562:30,7,5,
5.765:153,347,13,115,
6.322:
7.451:115,292,7,
5.27:28,16,13,3,
6.869:153,91,123,
6.415:185,13,
6.238:153,13,
7.201:28,153,3,7,
4.877:16,3,7,119,
6.754:216,115,7,
7.139:158,16,153,3,
5.62:69,153,347,123,
5.515:213,13,128,
6.211:53,62,5,
6.454:216,153,13,7,
6.656:314,13,7,
5.628:188,65,170,
7.402:16,121,
7.779:16,88,230,13,
6.153:342,153,347,13,
7.321:88,347,13,3,
7.758:16,347,341,
5.373:65,240,299,
5.886:240,13,341,
6.555:240,13,
6.327:240,13,341,
6.479:240,13,128,
8.047:240,13,
6.475:240,128,7,123,
4.249:3,7,5,
5.317:135,16,21,3,
3.68:135,348,3,5,
7.427:127,13,232,7,
4.894:85,16,3,7,
5.243:16,216,7,
5.607:16,3,326,119,
3.745:193,91,3,7,
7.779:59,16,189,7,
7.927:88,13,5,
5.473:341,141,3,7,
6.489:36,245,13,
7.166:13,128,
5.129:296,62,3,5,
5.635:6,38,27,3,
5.868:12,118,3,5,
7.461:12,212,215,3,
9.643:127,29,13,
7.465:13,115,125,7,
4.102:65,38,3,
6.063:134,349,322,121,
5.804:134,349,322,121,
5.779:134,349,322,121,
5.603:134,349,322,121,
5.926:134,349,322,121,
5.729:134,349,322,121,
5.42:134,349,322,121,
5.401:134,349,322,121,
5.708:134,349,322,121,
5.229:134,349,322,121,
5.452:134,349,322,121,
5.674:134,349,322,121,
5.846:134,349,322,121,
5.35:134,349,322,121,
5.668:134,349,322,121,
6.196:134,349,322,121,
5.234:134,349,322,350,
4.933:134,349,322,350,
4.769:134,349,351,322,
5.051:134,349,351,322,
3.833:134,349,351,322,
5.099:134,349,322,121,
4.916:134,349,322,
4.994:134,349,351,322,
4.953:134,349,351,322,
4.992:134,352,351,322,
4.797:134,352,351,322,
4.278:134,352,351,322,
6.1:134,322,350,
4.298:134,322,350,
5.033:134,351,322,
5.443:134,322,7,
5.791:134,322,7,
3.98:134,322,350,
5.007:134,322,350,
4.928:134,322,350,
5.351:134,16,322,
5.188:134,16,322,
5.031:134,16,322,
4.797:134,322,350,
5.727:134,322,350,
5.639:134,352,322,350,
3.557:134,322,
5.421:134,351,322,
5.355:134,352,322,350,
4.321:134,322,
4.151:134,352,351,322,
3.662:134,322,
3.99:134,322,
5.508:134,322,
6.075:134,322,
5.787:134,322,
5.938:134,322,350,
5.703:134,322,350,
5.215:134,322,350,
6.188:134,322,350,
5.336:134,322,350,
5.506:134,322,350,
5.258:134,322,
4.731:134,351,322,
4.764:134,352,322,350,
5.258:134,322,350,
5.352:134,16,322,
4.66:134,16,322,
4.999:134,16,322,
4.943:134,322,350,
5.019:134,65,322,
4.776:134,16,322,
6.051:134,65,352,322,
5.612:134,352,322,350,
5.309:134,352,322,350,
5.45:134,352,351,322,
4.458:134,349,16,322,
3.847:134,352,351,322,
4.037:134,16,352,322,
4.09:134,352,322,350,
4.532:134,16,352,322,
5.457:134,352,351,322,
4.529:134,352,322,350,
5.258:134,16,352,322,
3.971:134,351,322,
3.755:134,351,322,
4.202:134,322,350,
6.214:134,349,322,
4.295:134,352,351,322,
3.838:134,352,322,350,
3.892:134,352,322,350,
4.022:134,322,350,
5.348:134,65,
6.463:134,65,
5.391:26,148,3,5,
5.043:191,26,353,5,
4.4:26,7,
5.921:191,26,353,5,
6.984:191,26,3,
6.314:191,26,137,133,
7.07:26,92,
5.484:26,2,5,
6.004:191,26,13,353,
6.322:191,26,133,220,
5.965:26,134,7,
8.036:191,26,28,133,
3.645:191,26,5,
4.136:191,26,53,5,
4.65:26,3,5,
4.784:191,26,3,133,
5.817:191,26,
5.19:191,26,188,5,
6.879:12,26,62,
4.888:191,26,125,5,
7.824:191,26,353,5,
6.583:191,26,135,133,
6.047:155,26,152,5,
5.21:26,193,3,
6.164:191,26,1,3,
6.102:26,3,353,
5.318:191,11,26,353,
6.004:191,26,5,
6.019:12,26,5,
4.985:26,134,
6.29:3,7,5,
3.616:26,5,
3.845:8,26,1,5,
3.795:26,5,
5.469:191,26,4,7,
7.452:191,26,133,114,
8.413:26,1,
6.065:26,135,3,207,
4.748:26,7,5,
6.149:26,2,
6.016:26,7,5,
5.374:26,189,5,
6.981:26,199,5,
5.187:191,26,133,5,
4.299:191,26,
5.93:191,26,
5.96:26,6,
6.256:14,26,3,7,
6.515:191,12,26,353,
5.08:26,3,5,
5.363:26,5,
4.124:26,71,5,
6.4:191,26,133,5,
5.855:26,133,121,5,
5.189:26,5,
5.001:191,12,26,5,
6.886:12,89,5,
6.505:26,328,
5.681:191,26,53,133,
5.175:26,3,5,
6.396:191,26,133,5,
5.172:26,178,5,
6.047:28,3,5,
5.51:26,3,
4.261:26,7,5,
5.546:191,26,133,
4.21:12,26,5,
4.84:191,12,26,5,
7.078:191,26,59,353,
4.377:26,3,5,
5.303:26,30,5,
4.237:26,3,5,
5.313:26,3,5,
6.306:12,26,5,
6.88:26,5,
5.08:26,134,81,
7.84:191,26,353,5,
4.498:191,12,26,353,
5.018:26,2,353,
5.84:191,26,353,
5.033:26,5,
4.492:191,12,26,353,
5.328:191,26,30,353,
5.889:191,12,26,353,
6.371:12,59,5,
5.661:12,5,
8.068:26,59,5,
6.688:26,13,328,
5.173:3,5,
4.53:191,26,353,
5.878:26,5,92,
4.431:21,354,5,
7.084:354,7,5,
5.663:12,212,354,5,
5.625:2,354,5,
5.124:2,57,354,5,
5.401:6,21,2,354,
6.021:2,13,354,7,
4.801:6,2,354,71,
6.356:9,2,354,5,
5.172:1,354,207,
7.222:28,1,59,354,
7.164:26,2,354,5,
4.765:204,58,354,5,
4.263:2,13,354,5,
6.113:2,13,354,
4.95:21,2,354,5,
4.745:59,2,354,5,
5.864:2,57,354,5,
5.028:354,89,5,
5.025:12,2,354,5,
5.159:2,354,5,
5.65:2,354,89,5,
5.388:21,354,5,
6.705:21,354,5,
4.966:21,62,354,5,
5.614:55,2,354,5,
4.17:2,354,5,
6.383:354,7,5,
6.045:2,354,7,5,
5.267:2,57,354,5,
5.518:21,154,354,5,
4.345:2,354,48,103,
6.583:2,354,5,
5.18:354,89,5,
6.464:2,57,354,5,
7.085:354,114,7,5,
5.26:204,16,88,354,
6.906:354,114,7,5,
3.934:11,83,354,5,
5.26:21,354,89,5,
5.436:21,88,354,5,
5.151:2,354,5,
3.342:354,226,71,5,
6.392:324,2,354,
4.722:26,21,354,5,
3.447:2,354,226,71,
7.659:12,59,354,5,
7.338:59,21,13,354,
4.382:57,354,114,5,
5.457:58,2,354,114,
7.126:28,354,126,114,
5.256:9,2,354,5,
6.289:354,7,5,
5.037:104,2,354,5,
4.889:2,57,354,5,
4.951:6,58,21,354,
4.416:30,354,5,
5.383:85,354,5,
5.839:21,354,114,5,
6.376:59,21,354,7,
5.718:135,29,354,133,
5.463:135,354,133,121,
4.778:135,180,354,133,
5.148:354,71,145,5,
4.634:58,21,354,145,
5.74:26,57,354,5,
4.448:106,58,21,354,
5.052:21,354,7,
6.513:188,1,354,7,
6.811:28,1,354,126,
6.309:135,21,354,7,
5.484:26,57,354,5,
5.285:26,57,354,5,
4.518:26,57,354,5,
5.363:135,57,354,5,
5.127:12,1,354,5,
4.435:354,27,114,5,
5.71:188,1,354,5,
6.511:188,132,354,133,
5.271:1,354,126,7,
4.621:1,180,354,122,
4.813:12,21,354,5,
5.079:204,216,13,354,
5.699:219,13,354,7,
4.924:58,88,354,7,
5.294:12,6,354,5,
4.895:135,57,354,5,
6.855:21,2,354,5,
5.426:21,62,354,5,
3.764:2,3,48,5,
6.2:2,3,48,7,
6.889:2,3,48,5,
5.09:2,53,3,5,
5.991:2,3,7,5,
5.06:2,53,3,5,
7.304:9,2,3,48,
5.581:6,2,3,7,
4.998:6,189,3,5,
3.591:236,2,189,5,
5.0:23,2,7,5,
5.712:2,3,7,5,
5.787:2,3,48,7,
6.821:2,3,48,7,
4.394:6,2,3,7,
6.475:6,2,3,7,
5.299:236,2,3,7,
6.437:51,268,144,7,
5.47:59,16,2,48,
5.596:273,2,3,7,
6.429:6,2,3,7,
5.706:2,3,48,7,
4.759:189,3,7,5,
5.265:2,189,3,7,
5.295:236,2,48,7,
5.117:6,2,3,7,
5.419:6,2,189,3,
6.292:2,189,3,7,
6.421:2,189,3,7,
5.299:6,2,3,5,
8.476:189,48,7,5,
5.589:236,189,3,7,
5.505:6,189,3,7,
4.429:2,3,44,7,
4.071:6,2,3,7,
4.573:6,3,7,5,
5.005:6,3,48,5,
6.037:2,3,48,7,
4.829:2,3,48,7,
5.851:273,55,7,5,
5.136:6,2,3,7,
8.083:324,273,48,7,
6.829:2,48,7,5,
6.498:2,3,48,7,
5.596:2,3,48,7,
5.933:110,189,3,7,
5.388:6,2,3,7,
7.107:6,314,189,3,
4.35:6,2,189,3,
5.259:6,2,3,48,
9.095:65,59,54,189,
6.479:324,46,189,7,
3.765:2,226,3,71,
6.703:2,189,3,48,
5.514:2,3,48,7,
6.462:6,2,3,48,
5.556:56,189,7,5,
10.047:65,59,54,189,
7.041:2,189,13,48,
6.177:6,2,189,3,
4.76:6,2,13,3,
6.178:6,2,3,48,
3.865:6,2,102,3,
7.116:314,2,3,7,
5.784:6,2,3,7,
3.584:2,3,7,5,
5.646:6,2,3,7,
8.191:9,189,62,5,
5.459:6,2,189,3,
5.71:2,3,48,7,
5.515:6,2,3,5,
5.775:6,2,3,7,
6.078:26,189,62,5,
5.737:6,2,3,7,
6.382:6,2,3,7,
5.753:6,2,3,7,
5.319:6,2,3,5,
5.417:2,3,7,5,
5.131:2,189,3,7,
5.416:6,2,3,5,
6.115:6,2,189,3,
4.738:6,2,3,48,
6.107:2,189,3,7,
6.172:2,3,48,7,
6.068:2,3,7,5,
6.338:2,57,3,7,
6.724:2,3,48,7,
6.62:2,3,48,7,
5.474:6,2,3,7,
4.955:2,189,3,7,
6.436:309,13,7,92,
2.943:9,71,5,
5.861:157,13,7,
4.184:16,172,7,
3.846:88,70,2,3,
4.268:14,16,63,7,
3.819:58,16,3,7,
5.621:16,107,62,3,
4.646:221,3,308,290,
4.235:355,356,129,
3.207:105,244,107,220,
4.161:16,115,145,
3.407:23,14,3,
5.478:88,70,7,145,
6.642:16,189,7,289,
6.859:82,121,92,
5.311:309,65,13,344,
4.5:189,62,3,
5.389:88,70,7,89,
4.734:28,13,121,
5.918:124,70,3,7,
5.282:124,70,13,3,
4.87:63,189,62,3,
5.94:14,221,141,7,
5.243:134,221,115,3,
6.197:124,54,13,344,
5.559:68,13,115,
6.315:154,74,7,5,
5.361:28,154,3,7,
5.582:172,244,84,220,
4.659:14,16,3,
5.683:14,260,3,7,
5.997:14,90,54,7,
6.528:130,54,13,
4.884:63,88,70,
5.064:65,13,
4.911:28,154,74,5,
6.592:16,189,
5.666:58,16,289,
4.589:63,62,3,
6.466:14,3,7,
4.971:16,63,13,92,
4.964:14,16,7,
6.84:130,13,
5.478:357,62,3,
4.512:16,63,7,
5.42:28,74,5,
6.914:124,13,
6.036:70,2,7,145,
4.47:250,62,3,
4.867:14,172,3,7,
5.482:16,7,5,
6.64:250,82,41,121,
4.534:221,3,290,5,
4.017:23,14,7,5,
5.72:93,13,115,7,
4.734:16,3,7,
4.738:58,16,3,
7.704:
6.506:28,106,245,
4.747:124,70,3,7,
3.089:16,3,5,
5.008:16,7,289,
5.045:16,189,91,
8.12:82,192,121,
4.479:58,172,2,145,
5.436:201,3,7,121,
5.667:62,3,7,
5.712:201,62,7,
7.156:201,3,207,7,
4.624:6,172,2,3,
6.516:124,157,13,
4.844:28,70,7,145,
4.087:9,3,7,5,
4.886:14,16,7,
4.097:106,16,63,2,
6.164:288,13,3,7,
5.112:14,6,3,7,
2.571:58,16,3,289,
5.832:14,3,7,
4.413:58,172,7,
5.414:88,70,13,
5.093:16,3,7,
5.627:65,62,3,
5.434:28,13,248,247,
4.588:84,5,220,
5.478:3,7,121,
3.173:53,3,7,5,
7.128:58,16,289,
5.686:59,15,73,
7.064:51,132,133,
4.385:16,303,132,133,
5.231:158,16,132,133,
4.817:16,132,133,
5.224:6,132,152,133,
6.797:6,132,133,
7.57:235,132,152,
5.77:132,133,123,
6.02:219,142,132,133,
7.342:142,132,133,7,
4.771:142,132,7,
5.77:142,132,133,7,
4.356:142,132,133,7,
4.332:16,303,115,132,
6.173:303,132,133,346,
4.401:2,132,151,7,
5.222:132,133,151,7,
5.796:2,132,7,
6.566:219,132,133,151,
5.929:219,132,133,7,
5.487:132,152,133,
5.664:132,152,133,
6.026:235,132,152,133,
5.926:235,132,152,133,
3.889:132,133,151,
6.7:235,132,152,133,
5.121:132,3,133,151,
6.048:219,132,133,151,
6.19:132,7,121,
7.046:235,132,121,
6.965:235,132,121,
5.125:6,132,138,133,
4.506:6,132,133,7,
5.919:6,132,133,
6.271:6,132,133,
8.735:82,132,152,133,
5.185:6,303,132,133,
5.185:6,303,132,133,
5.226:303,132,133,
6.029:303,132,133,
6.222:303,132,133,
5.103:219,303,132,133,
3.706:6,303,132,133,
5.258:132,133,5,
4.767:132,113,3,5,
6.869:132,113,133,5,
6.414:16,132,3,133,
6.483:132,133,7,5,
7.764:106,219,132,133,
5.273:11,16,132,133,
4.554:6,16,2,132,
5.071:303,132,138,
4.471:132,133,151,121,
6.77:132,3,133,151,
4.395:2,303,132,
6.349:303,132,138,133,
6.375:51,132,133,
4.364:132,152,133,121,
6.399:164,132,152,133,
5.95:132,152,133,
5.68:6,303,132,
5.393:6,303,132,133,
5.411:132,133,7,
4.673:6,303,132,133,
6.16:132,3,133,151,
5.931:132,3,133,151,
6.62:183,132,152,133,
6.116:132,133,151,
4.374:132,152,133,
8.297:132,152,121,
6.193:28,132,133,
5.949:28,149,132,133,
6.077:149,132,7,
7.689:303,132,133,
6.727:82,132,152,133,
7.004:235,132,152,
5.338:13,132,133,
6.214:106,303,132,133,
4.939:1,16,132,133,
5.556:132,152,133,
4.102:333,132,152,133,
5.57:132,152,133,
5.385:16,132,133,
5.392:6,132,133,
5.319:158,142,132,133,
4.972:16,132,133,
5.123:16,2,132,133,
5.878:235,132,152,133,
4.707:6,132,3,133,
5.303:6,132,138,133,
6.01:298,113,5,
4.225:298,5,
6.115:62,298,
5.229:65,51,298,
6.41:254,65,51,298,
6.063:65,358,62,298,
5.401:358,62,298,
7.164:358,62,298,
6.2:358,62,298,
6.719:254,182,62,298,
3.847:294,83,3,5,
3.726:294,21,83,3,
3.146:359,294,83,
4.743:294,83,3,5,
4.556:294,83,3,5,
4.34:53,5,
3.667:11,5,320,
3.398:294,21,83,3,
5.843:294,83,3,7,
3.865:294,83,3,
2.935:294,21,83,3,
3.475:294,2,83,3,
4.36:173,294,83,
4.678:293,294,21,83,
3.806:294,21,83,3,
5.489:294,57,5,
5.229:106,294,83,
3.55:294,21,3,
2.568:23,294,83,
3.558:23,3,5,
5.13:23,5,
3.15:23,294,5,
3.313:23,294,83,
5.841:94,3,
7.242:23,5,
4.617:23,65,
6.324:
6.094:23,62,5,
6.171:28,265,
7.283:23,265,5,
5.863:23,265,5,
6.114:23,265,5,
4.865:23,65,265,
4.691:23,65,51,265,
7.074:294,62,83,5,
3.45:94,79,62,3,
3.762:11,94,5,
3.617:12,294,27,
4.585:62,133,
6.555:293,54,
3.099:6,94,236,3,
4.048:9,3,145,5,
3.224:21,84,83,3,
5.691:293,62,83,
6.081:295,6,62,3,
4.981:295,6,3,145,
5.66:293,21,3,
5.032:293,21,3,
5.497:56,57,7,5,
3.443:8,315,83,5,
4.103:21,315,5,
4.691:21,315,
4.064:359,293,64,
4.051:359,293,83,
4.43:65,51,263,
5.52:65,263,83,
5.395:65,263,83,
2.501:23,293,83,
3.526:23,65,51,
4.17:359,65,51,
3.915:294,21,83,3,
5.12:65,62,83,313,
7.41:293,73,83,
5.615:293,83,7,
6.815:65,360,73,
5.616:300,221,317,7,
4.757:293,221,51,308,
5.64:221,51,308,290,
4.339:293,64,
7.046:288,360,62,5,
3.469:293,83,3,
5.498:359,293,361,83,
6.823:360,62,5,
4.179:51,53,5,
6.929:83,64,
6.966:14,362,3,7,
5.987:65,51,164,
6.229:293,164,62,
5.466:268,62,5,
6.761:293,164,62,
2.846:33,34,3,
3.6:6,33,34,
2.252:6,33,34,
3.495:6,33,34,
2.947:6,33,34,
2.948:33,34,3,
4.254:33,2,34,
3.094:33,34,44,
2.657:33,34,3,
3.176:6,33,34,
3.136:33,34,3,
2.146:33,34,3,
3.659:33,34,71,
2.83:6,33,34,
4.146:33,34,35,
4.287:33,34,35,
6.619:33,34,
4.255:33,34,7,
3.552:54,33,34,
2.34:33,34,3,
4.244:6,33,34,
2.916:34,41,
2.507:33,34,3,
3.765:19,33,34,
2.694:6,33,34,
4.556:33,34,
4.856:33,34,44,
3.013:33,34,3,
2.234:33,34,3,
3.57:54,33,34,
2.243:33,34,3,
2.752:33,34,3,
3.31:6,33,34,
4.392:33,13,34,
2.646:33,34,3,
1.942:33,34,3,
3.419:6,33,34,
5.303:33,34,
3.011:6,33,34,
3.649:33,34,
3.213:6,33,34,
3.733:6,33,34,
1.972:33,34,3,
3.902:6,33,34,
3.629:33,34,3,
3.096:6,33,34,
3.509:54,33,34,
4.285:33,34,35,
3.701:33,34,35,
3.183:33,34,44,
3.033:6,33,34,
3.233:6,33,34,
3.632:33,34,35,
3.531:6,34,41,
2.375:33,34,
2.087:33,34,3,
2.756:33,34,44,
2.488:33,34,3,
2.07:33,34,3,
3.618:33,34,35,
2.006:33,34,
2.834:33,34,3,
3.832:33,34,35,
2.964:39,41,3,
3.046:33,34,3,
3.083:33,34,35,
2.575:33,34,3,
3.474:33,34,3,
2.715:34,41,3,
2.797:6,33,34,
3.088:6,33,34,
2.205:33,34,3,
2.363:33,34,3,
4.224:33,34,
2.152:33,34,4,
3.109:33,34,44,
2.815:6,33,34,
4.474:33,34,
3.545:33,34,3,
2.615:33,34,3,
3.114:33,34,3,
2.589:33,34,44,
3.953:6,33,34,
3.16:34,41,3,
4.678:33,34,35,
4.131:33,34,35,
2.776:33,34,
3.593:33,34,3,
3.27:6,33,34,
2.998:39,363,
8.619:11,13,253,
4.987:11,83,3,5,
4.551:13,83,218,5,
3.795:11,13,83,5,
5.921:192,13,
4.662:11,28,83,5,
6.715:11,13,83,5,
6.974:11,62,83,5,
6.504:11,13,83,5,
4.917:11,83,7,5,
4.208:11,62,83,5,
6.074:11,83,3,5,
7.129:11,83,3,7,
5.655:13,83,7,5,
6.447:11,28,83,5,
5.499:11,28,83,5,
5.087:11,13,83,5,
4.469:11,83,3,5,
4.418:12,30,3,5,
5.407:11,12,83,5,
4.499:13,3,7,5,
3.409:11,105,83,5,
4.196:13,83,3,5,
6.283:11,13,83,5,
5.472:11,13,83,218,
3.441:11,83,3,5,
3.542:11,83,3,5,
4.957:30,83,3,7,
4.869:11,83,7,5,
5.045:11,13,5,
5.099:11,83,7,5,
4.829:11,83,3,5,
4.575:11,13,83,5,
3.484:11,83,3,5,
5.592:11,83,3,5,
7.681:11,13,83,5,
4.728:11,62,83,3,
5.271:83,3,7,5,
3.341:11,83,3,5,
6.234:11,13,83,5,
4.628:11,13,62,5,
4.15:11,13,83,5,
6.343:11,13,83,5,
4.91:11,13,83,5,
3.951:11,83,3,5,
5.381:12,83,3,5,
5.013:11,83,3,5,
7.12:11,15,7,5,
5.288:11,3,7,
3.405:11,13,83,5,
4.181:185,13,83,5,
4.715:13,95,3,5,
5.126:23,13,83,5,
4.426:11,13,3,5,
6.551:28,95,83,7,
3.757:11,13,83,5,
3.826:70,83,3,7,
4.144:11,79,13,5,
4.454:11,13,83,5,
5.093:11,83,3,5,
5.443:11,13,7,5,
5.621:11,13,83,218,
5.931:13,62,3,7,
5.533:11,28,83,3,
5.498:11,83,3,5,
6.519:11,13,83,3,
6.543:28,62,7,5,
5.862:13,62,83,5,
4.496:11,83,3,218,
5.641:11,28,83,5,
4.828:11,13,83,
3.92:13,83,3,5,
5.475:11,83,218,5,
6.132:11,28,83,5,
4.499:11,13,83,5,
5.367:11,13,83,5,
5.884:13,83,218,5,
3.844:11,13,95,3,
4.566:62,95,83,5,
4.609:62,95,83,5,
4.347:13,83,7,5,
5.958:11,13,83,
4.714:11,28,83,5,
4.309:11,28,7,5,
7.208:11,13,83,7,
4.836:95,83,3,5,
4.745:11,62,3,5,
4.955:13,83,7,5,
5.267:11,13,83,5,
3.377:11,83,3,5,
4.942:254,273,58,7,
4.539:273,275,48,7,
3.158:254,273,48,7,
4.143:254,273,58,7,
4.949:254,273,58,7,
3.922:254,273,48,7,
6.902:254,273,55,7,
4.662:254,273,58,16,
6.542:309,266,271,16,
4.396:266,16,3,48,
5.071:309,266,271,16,
3.625:14,106,99,48,
3.529:65,266,55,51,
4.846:266,271,55,7,
2.753:266,236,7,
4.049:99,62,48,81,
6.252:182,58,16,276,
5.316:254,58,276,5,
6.202:364,276,7,5,
5.849:254,58,16,276,
6.3:2,62,48,
5.29:293,62,3,
6.23:293,62,
5.21:3,48,7,
5.298:106,62,48,
5.307:3,48,7,
3.454:300,51,268,
4.01:6,3,48,
6.011:365,366,7,
5.015:309,364,83,
5.264:314,2,62,7,
3.705:359,16,21,3,
4.813:359,106,58,16,
3.558:359,58,16,21,
3.818:359,65,51,268,
3.887:359,2,62,48,
5.883:106,16,62,316,
6.969:309,67,7,316,
4.72:51,62,7,316,
3.468:55,51,48,316,
5.272:110,55,62,7,
6.054:16,263,69,365,
4.943:110,3,48,7,
4.189:58,16,365,256,
6.613:309,46,67,66,
4.518:46,66,7,5,
5.637:309,46,67,66,
4.1:46,65,66,51,
6.197:46,66,5,
5.444:46,66,5,
5.914:65,319,
7.111:58,16,54,313,
4.866:3,48,7,
6.233:16,5,
5.269:14,51,5,
5.626:51,69,5,
5.349:25,16,
3.853:309,25,3,
4.853:51,7,308,
6.155:14,3,7,
5.472:69,319,48,7,
6.694:58,16,51,321,
4.733:263,69,365,7,
6.247:51,62,4,
3.992:54,313,7,
5.05:58,16,7,
5.875:51,69,
5.332:105,109,99,62,
4.283:99,62,102,3,
6.306:106,99,16,100,
2.894:309,358,298,48,
3.524:309,358,298,48,
3.095:309,358,298,48,
3.943:309,67,311,7,
5.694:309,67,69,311,
4.929:311,62,48,7,
4.743:96,65,51,7,
3.963:96,109,51,62,
4.892:51,263,69,365,
4.48:367,51,48,7,
4.23:14,55,7,
6.02:53,62,5,
7.751:69,365,7,
6.44:69,365,7,
6.464:263,73,365,4,
6.351:
5.633:263,69,365,7,
6.867:263,365,
6.519:293,365,366,
3.768:293,365,83,366,
3.674:368,13,22,
2.393:368,13,22,
7.948:157,13,
5.478:59,79,74,
3.431:368,13,22,
4.236:368,13,22,
4.562:368,13,22,
6.441:11,368,13,5,
6.542:94,62,5,
4.606:11,368,13,5,
5.055:368,13,22,
2.676:11,3,71,5,
3.817:11,13,83,5,
3.24:13,113,22,
6.178:369,13,74,7,
4.526:11,368,7,5,
5.118:11,369,13,5,
4.59:11,94,369,5,
7.867:369,13,
4.459:11,369,13,62,
4.308:11,94,369,5,
4.777:369,3,71,7,
7.066:295,369,62,7,
5.473:11,369,13,5,
4.154:11,369,3,5,
4.719:58,21,369,7,
6.055:295,45,369,62,
4.336:11,369,83,5,
5.155:11,369,13,83,
4.215:369,3,5,
3.414:21,369,7,5,
4.026:11,369,83,5,
4.92:11,369,13,
5.805:295,369,62,3,
8.227:59,368,151,7,
8.294:11,154,13,
7.65:16,154,7,
4.516:11,368,3,5,
7.632:88,370,153,7,
6.827:78,368,371,
4.942:11,28,368,13,
3.624:28,3,137,
6.842:78,368,371,
6.107:11,28,368,5,
4.792:11,12,368,13,
6.675:16,142,7,
6.0:78,368,187,
6.143:11,368,7,5,
7.067:11,12,368,13,
5.381:6,38,368,3,
6.309:368,74,151,7,
4.763:11,368,71,7,
5.904:370,74,7,
6.756:370,322,292,
6.281:158,370,137,
5.773:188,16,369,7,
3.808:372,370,373,5,
5.301:11,370,13,7,
4.899:28,370,
5.59:16,369,7,
5.292:11,370,13,5,
5.515:11,12,370,13,
4.958:58,370,5,
5.337:12,370,5,
5.449:11,370,7,5,
6.814:11,374,13,
5.825:169,370,3,7,
6.403:12,370,5,
5.052:28,6,374,3,
4.619:11,374,7,5,
6.83:14,374,64,
5.723:374,201,7,5,
6.473:11,374,7,5,
7.356:374,62,
4.14:374,115,3,
5.136:56,374,84,7,220,
7.641:65,374,
5.947:11,374,7,5,
5.487:188,374,3,7,
5.356:58,374,
5.255:374,62,3,
4.818:11,374,7,5,
5.363:12,374,3,5,
5.806:369,13,
7.329:59,369,7,
7.482:216,369,13,
6.155:12,165,369,13,
5.242:285,59,370,73,
7.554:369,13,
9.143:323,179,
