5.861:157,13,7,
5.635:73,62,60,5,
6.829:2,48,7,5,
5.886:240,13,341,
5.196:13,141,3,137,
3.799:65,94,5,
7.11:99,100,62,7,
2.676:11,3,71,5,
4.678:33,34,35,
9.854:23,260,7,
7.258:266,268,270,48,
8.159:255,62,256,
2.935:294,21,83,3,
5.049:266,122,48,267,
6.579:96,97,7,
8.022:134,13,102,126,
2.776:33,34,
6.767:157,125,233,
6.439:65,121,
6.511:169,62,152,133,
7.245:13,74,302,5,
5.687:13,302,
6.955:58,279,216,278,
4.47:250,62,3,
6.037:96,16,97,5,
5.39:28,3,126,123,
5.16:51,53,5,
3.233:6,33,34,
7.471:28,158,138,123,
6.288:160,206,7,
5.178:99,102,48,103,
7.661:23,14,7,
5.9:69,312,5,
4.929:311,62,48,7,
5.505:6,189,3,7,
4.278:134,352,351,322,
5.667:29,58,88,7,
3.734:46,52,51,5,
4.318:28,122,71,
8.126:288,62,7,5,
8.173:58,279,216,278,
5.382:192,333,13,
4.952:16,2,115,7,
6.275:134,13,125,126,
4.964:14,16,7,
5.344:23,14,260,
5.096:2,331,3,145,
7.111:13,74,302,5,
5.407:11,12,83,5,
7.893:59,16,217,205,
7.534:105,7,5,220,
6.705:176,157,13,126,
4.949:254,273,58,7,
7.918:96,62,97,5,
6.736:23,14,260,
4.903:2,4,7,5,
6.928:28,122,114,119,
6.876:28,160,
7.882:224,73,203,
9.102:28,157,73,125,
5.043:191,26,353,5,
6.965:170,13,57,5,
4.846:266,271,55,7,
4.921:65,124,13,334,
6.467:327,328,48,292,
2.07:33,34,3,
4.424:118,3,5,
4.517:6,337,2,145,
3.55:294,21,3,
5.033:46,47,62,48,
5.174:182,85,58,16,
4.575:11,13,83,5,
2.994:33,34,3,44,
6.437:51,268,144,7,
5.035:1,207,
3.089:16,3,5,
7.87:23,16,260,
5.982:340,13,248,334,
4.179:51,53,5,
3.919:221,13,57,5,
5.417:2,3,7,5,
7.371:28,134,126,
7.251:28,13,122,126,
4.446:75,78,79,86,
3.52:10,4,
5.361:28,154,3,7,
6.338:2,57,3,7,
7.357:65,15,73,
7.113:59,16,281,211,
7.474:222,13,133,123,
4.781:199,152,137,133,
4.817:16,132,133,
6.448:116,113,121,5,
4.646:221,3,308,290,
4.154:11,369,3,5,
5.288:11,3,7,
7.177:191,227,126,
6.147:191,28,158,133,
6.958:176,335,
6.02:53,62,5,
6.475:6,2,3,7,
6.677:2,57,145,5,
4.628:11,13,62,5,
4.651:75,79,86,
5.136:56,374,84,7,220,
6.803:
2.507:33,34,3,
3.401:293,19,83,71,
3.367:33,34,3,
3.902:6,33,34,
5.222:132,133,151,7,
2.961:46,47,48,
6.841:58,279,216,
3.557:134,322,
5.947:11,374,7,5,
6.271:6,132,133,
4.426:6,30,113,5,
8.091:28,158,157,126,
3.486:12,9,13,4,
3.794:142,13,
6.683:28,135,7,5,
4.959:96,16,97,5,
6.113:2,13,354,
5.734:169,197,151,
5.033:134,351,322,
6.554:99,16,100,43,
6.611:134,65,327,292,
6.925:28,137,126,123,
7.645:12,13,5,
5.372:13,126,
4.66:46,13,47,306,
7.386:15,73,203,
6.004:191,26,13,353,
8.206:46,52,16,
5.285:23,14,48,
6.76:59,160,15,210,
7.831:58,279,216,278,
8.796:169,59,137,151,
5.69:28,13,3,151,
7.528:14,237,50,7,
7.458:73,282,
5.906:90,65,3,92,
6.153:342,153,347,13,
7.909:75,79,86,
6.838:135,184,152,
6.089:16,3,7,289,
5.616:343,342,13,334,
2.477:94,19,81,5,
10.046:94,59,73,62,
8.048:8,12,5,
4.194:65,13,3,137,
6.434:59,217,
4.525:290,5,
6.649:77,75,79,140,
5.426:21,62,354,5,
6.391:6,2,132,145,
6.446:58,237,54,48,
3.095:309,358,298,48,
5.43:28,9,5,
8.205:13,115,
4.953:13,7,334,
7.42:160,54,13,
5.307:3,48,7,
7.407:160,88,206,7,
6.826:96,55,311,7,
6.222:46,52,57,5,
6.428:327,328,44,292,
4.42:12,21,3,5,
4.15:11,13,83,5,
8.918:180,141,126,174,
9.323:223,62,83,299,
4.328:199,115,102,133,
3.871:6,2,32,3,
4.063:28,88,2,3,
5.459:28,1,180,71,
5.551:93,13,5,
5.892:23,62,
8.302:106,59,
4.677:23,14,7,
8.988:99,100,62,7,
6.962:160,142,5,
6.391:266,271,270,
6.197:46,66,5,
6.422:46,47,49,
6.932:134,189,13,137,
4.817:136,168,13,7,
3.72:6,2,4,7,
3.049:33,34,3,44,
5.596:273,2,3,7,
6.002:293,83,81,145,
7.785:28,158,88,123,
7.09:13,151,334,
5.431:237,88,48,7,
5.723:374,201,7,5,
8.421:58,279,216,278,
4.299:191,26,
6.717:59,15,217,
4.496:11,83,3,218,
5.225:28,1,180,122,
4.093:16,2,115,7,
7.222:30,18,7,5,
5.945:110,16,62,
8.724:26,2,292,7,
5.18:266,7,5,267,
4.919:169,152,197,133,
4.298:134,322,350,
2.758:19,4,81,5,
5.851:273,55,7,5,
9.852:59,160,123,
6.62:240,237,196,50,
4.381:57,326,7,5,
4.474:93,333,13,
5.781:28,13,115,133,
5.389:240,237,196,50,
5.446:192,13,
6.004:54,5,
8.068:23,260,5,
6.873:13,253,7,
4.887:88,131,3,7,
5.439:59,16,217,
3.955:46,67,16,47,
3.264:45,34,41,3,
5.68:6,303,132,
7.081:312,5,
3.992:12,105,13,5,
6.833:327,328,322,292,
6.112:12,28,118,5,
3.986:46,50,47,48,
5.136:12,45,3,5,
6.516:124,157,13,
6.551:28,95,83,7,
3.405:11,13,83,5,
5.489:294,57,5,
7.326:213,157,13,126,
5.445:188,3,123,
7.038:58,279,216,278,
5.983:28,134,3,126,
4.178:3,5,
5.185:6,303,132,133,
6.886:12,89,5,
5.535:11,62,83,5,
8.454:255,62,256,
7.284:139,13,126,89,
6.704:11,13,83,
4.301:6,30,3,71,
5.457:288,16,21,7,
5.457:11,13,3,5,
5.285:26,57,354,5,
5.838:46,5,
7.224:120,126,128,
3.495:6,33,34,
5.155:46,50,47,48,
6.919:45,79,5,
4.515:272,274,16,3,
4.795:16,13,5,
4.363:46,82,47,48,
6.77:11,13,5,
6.435:88,126,7,123,
5.748:327,328,48,292,
8.113:59,217,211,
5.482:12,30,3,5,
6.108:104,110,
5.633:58,222,13,
5.306:75,79,86,
3.605:38,39,3,
4.285:13,199,133,151,
7.078:59,15,281,73,
6.885:14,65,15,73,
5.07:112,99,62,48,
6.792:327,328,207,292,
5.243:2,83,3,145,
6.647:96,62,97,5,
5.036:23,62,
6.089:169,13,152,197,
8.082:26,327,292,7,
5.202:46,67,47,5,
4.023:46,47,48,
8.077:13,125,126,7,
4.877:171,222,13,
4.227:293,83,141,5,
6.285:6,142,5,
5.615:293,83,7,
5.391:26,148,3,5,
5.475:11,83,218,5,
8.495:14,15,73,
5.315:333,13,
7.189:58,16,283,7,
5.484:26,57,354,5,
4.078:152,102,137,133,
6.763:11,83,5,
5.389:88,70,7,89,
2.615:33,34,3,
4.4:26,7,
5.269:14,51,5,
6.324:16,142,3,121,
6.107:11,28,368,5,
5.96:26,6,
8.341:23,16,7,
6.161:158,88,126,123,
6.685:340,13,
5.368:46,13,47,48,
4.221:6,5,
3.374:303,83,152,133,
4.347:13,83,7,5,
7.053:12,94,13,5,
4.037:134,16,352,322,
7.4:12,94,118,5,
4.925:16,113,5,
7.534:16,13,144,145,
5.262:294,83,3,145,
5.285:96,16,97,5,
4.499:11,13,83,5,
4.73:188,21,3,7,
3.678:46,82,47,48,
2.964:39,41,3,
6.047:28,3,5,
3.912:46,82,47,48,
4.897:110,17,102,48,
6.338:28,148,13,3,
6.232:328,44,292,7,
9.123:53,113,5,289,
5.929:219,132,133,7,
4.464:12,6,4,5,
7.81:59,160,172,7,
5.964:46,47,49,5,
5.891:160,142,137,7,
5.463:135,354,133,121,
4.668:75,76,79,13,10,
5.625:293,2,3,145,
4.936:3,7,5,
8.405:285,59,73,126,
5.741:16,34,7,
6.76:13,151,5,
5.829:13,334,
4.2:23,307,7,
6.505:21,2,7,145,
9.128:15,73,
5.35:134,349,322,121,
5.587:6,142,5,
6.577:106,314,2,7,
6.014:
10.657:284,59,217,282,
4.606:201,3,5,
4.426:11,13,3,5,
5.229:65,51,298,
8.05:58,279,216,278,
5.055:368,13,22,
8.157:94,16,189,92,
4.373:6,94,19,71,
7.826:28,136,178,154,
4.573:112,99,50,5,
5.889:94,21,5,22,
7.101:55,60,7,5,
8.473:327,328,292,7,
4.728:11,62,83,3,
3.818:359,65,51,268,
3.934:11,83,354,5,
7.226:134,327,328,292,
3.404:265,62,5,
6.84:110,16,48,
5.008:16,7,289,
2.404:34,41,3,44,
6.606:327,48,292,7,
6.468:55,99,3,7,
8.316:15,18,73,
4.306:34,3,7,
7.332:28,216,137,123,
4.144:110,55,101,48,
7.717:28,88,7,89,
5.299:6,2,3,5,
7.327:23,15,260,
4.824:46,50,47,5,
7.022:13,74,302,5,
4.729:1,6,3,7,
6.251:28,3,123,
6.106:12,114,5,119,
5.188:134,16,322,
6.513:11,18,71,7,
6.046:305,137,133,7,
5.526:28,135,1,121,
8.994:59,160,88,123,
4.991:182,273,55,
4.784:191,26,3,133,
4.827:111,251,177,
6.585:327,328,322,292,
6.349:36,125,140,
6.711:28,88,126,114,
7.256:54,15,73,
6.053:80,79,13,5,
6.889:11,18,13,7,
5.136:6,2,3,7,
5.715:16,275,5,289,
6.974:134,159,13,7,
4.699:274,62,3,122,
6.466:55,48,7,316,
6.268:13,74,302,5,
5.339:54,312,313,
6.609:16,62,312,
5.172:26,178,5,
7.441:59,88,3,
5.431:23,307,7,
4.339:11,13,5,
4.302:40,34,35,
8.688:65,15,73,218,
5.561:73,7,
9.442:204,16,7,145,
6.513:23,14,307,
5.6:65,92,
5.455:11,12,18,7,
4.363:46,67,47,49,
4.289:46,66,5,
4.933:139,339,13,
6.208:16,7,5,289,
7.165:28,1,13,126,
4.683:96,53,97,5,
7.175:12,154,3,5,
3.447:2,354,226,71,
6.952:136,142,123,
5.712:2,3,7,5,
8.794:55,317,48,316,
4.59:11,94,369,5,
5.729:134,349,322,121,
4.043:58,237,50,7,
6.461:75,79,86,
5.637:104,110,57,5,
8.175:59,196,73,
9.298:94,18,10,5,22,
4.69:340,333,13,
4.287:33,34,35,
6.114:168,3,151,7,
3.889:132,133,151,
8.836:12,28,3,5,
4.351:9,2,3,292,
5.342:290,5,
6.453:176,111,13,120,
5.877:11,2,13,83,
4.183:199,83,152,133,
6.373:16,275,5,289,
4.037:135,16,3,5,
5.641:11,28,83,5,
5.107:237,50,73,
6.7:26,327,292,5,
10.219:14,15,73,
5.123:339,13,243,
6.238:188,160,159,
4.226:11,83,3,5,
7.459:2,3,48,
7.96:75,79,86,
6.071:46,47,48,49,
6.504:229,13,74,302,
3.394:12,26,53,5,
8.406:26,59,160,5,
5.826:2,48,151,
7.525:169,13,151,
3.727:16,3,207,5,
6.037:96,51,97,5,
4.143:28,6,53,5,
5.861:94,16,21,3,
4.377:26,3,5,
7.11:58,279,216,278,
5.049:106,110,16,3,
6.577:96,16,97,5,
4.488:113,5,289,
5.946:21,327,3,292,
8.944:73,282,
4.955:13,83,7,5,
5.676:266,270,48,
4.339:11,12,83,5,
5.351:88,131,126,7,
7.367:134,122,126,
5.349:12,28,212,5,
5.958:11,13,83,
7.298:12,3,89,5,
4.818:11,374,7,5,
6.559:28,13,151,
6.016:26,7,5,
6.871:328,44,292,7,
6.184:327,328,292,7,
5.825:169,370,3,7,
6.715:65,15,73,
4.405:272,274,3,
5.325:139,339,13,
7.411:135,158,186,123,
7.372:96,16,97,5,
6.945:153,3,126,7,
4.541:113,3,5,
8.033:28,147,3,246,
4.599:188,136,3,7,
3.374:16,115,3,145,
2.657:33,34,3,
4.438:139,13,120,
5.349:25,16,
4.768:46,66,57,5,
5.395:65,263,83,
4.049:99,62,48,81,
5.624:63,64,133,
7.68:339,192,13,
8.885:59,160,7,
4.512:16,63,7,
6.976:12,153,3,5,
5.064:65,13,
6.76:85,88,7,123,
5.875:51,69,
6.437:345,6,171,3,
6.135:13,74,302,5,
4.022:16,101,48,
7.254:12,4,7,5,
6.132:11,28,83,5,
5.554:192,13,
6.013:240,237,196,50,
6.911:12,3,114,
7.643:169,152,133,
6.73:273,16,
6.934:13,302,5,
5.187:191,26,133,5,
5.384:59,15,73,
6.738:65,15,73,282,
6.994:13,151,
5.71:2,3,48,7,
6.62:13,74,302,5,
7.135:13,334,
5.06:75,79,10,161,
4.797:134,322,350,
7.72:275,113,5,289,
6.327:46,52,53,5,
3.115:59,237,50,210,
6.331:2,292,145,5,
2.633:6,3,5,
5.62:69,153,347,123,
5.362:188,13,
7.703:23,106,7,
6.433:279,16,216,278,
5.718:135,29,354,133,
6.408:16,50,48,5,
4.867:237,238,50,71,
2.762:293,19,71,5,
4.022:321,312,48,
5.515:288,16,34,7,
4.601:29,88,3,126,
4.951:6,58,21,354,
5.849:230,13,126,
5.876:38,16,153,
6.519:11,13,83,3,
6.044:12,129,13,5,
4.215:369,3,5,
6.256:14,26,3,7,
6.315:154,74,7,5,
2.554:165,19,62,5,
5.551:96,55,16,97,
5.407:59,88,7,
7.591:13,74,302,5,
6.689:266,58,268,267,
5.031:134,16,322,
4.607:6,327,3,292,
3.764:28,1,153,189,
6.1:11,18,7,
4.097:106,16,63,2,
7.872:176,120,177,128,
9.298:65,15,73,
6.815:327,3,292,
6.063:139,339,13,
7.123:65,15,73,
4.537:152,137,133,7,
4.98:28,3,114,7,
8.072:59,16,217,205,
5.681:191,26,53,133,
4.196:199,115,102,133,
5.628:188,65,170,
5.559:68,13,115,
4.659:14,16,3,
3.245:10,3,4,22,
2.339:45,33,34,
7.848:65,59,160,15,
5.84:136,192,13,102,
6.342:6,59,21,3,
4.641:6,21,168,
6.695:11,94,5,22,
6.403:202,247,
4.378:12,3,5,
7.539:58,179,7,
6.58:58,279,216,
5.151:16,275,7,289,
6.94:272,273,58,48,
6.679:277,276,3,7,
6.945:191,28,197,123,
7.761:227,146,28,88,
2.646:33,34,3,
8.249:173,141,174,
5.673:266,7,5,267,
5.674:33,34,35,
6.249:88,3,5,
7.166:12,3,7,5,
7.514:14,15,
7.11:2,145,121,
4.78:46,5,
7.905:58,59,3,211,
3.884:136,157,125,
5.727:134,322,350,
6.919:158,164,92,
5.616:300,221,317,7,
5.577:16,3,7,145,
5.257:23,16,7,
2.34:33,34,3,
5.473:94,15,7,
3.867:16,3,5,
8.143:266,269,7,267,
4.95:21,2,354,5,
5.148:13,151,334,
4.757:188,6,16,7,
9.259:28,158,147,
4.48:367,51,48,7,
4.933:16,113,5,
6.714:11,13,218,5,
4.65:26,3,5,
5.373:58,16,216,7,
6.542:309,266,271,16,
3.443:8,315,83,5,
6.543:28,62,7,5,
5.136:75,78,79,86,
8.068:26,59,5,
6.327:240,13,341,
5.859:28,59,3,5,
2.601:34,41,3,
9.076:59,160,7,
6.489:36,245,13,
5.319:158,142,132,133,
6.076:237,238,50,5,
5.093:2,53,5,
5.419:6,2,189,3,
3.824:23,14,243,
6.49:29,58,237,
6.878:110,63,3,7,
5.303:33,34,
5.72:93,13,115,7,
6.698:162,13,74,302,
6.879:12,26,62,
4.306:14,237,50,15,
5.992:96,16,54,97,
3.726:237,16,50,7,
7.238:2,62,252,145,
4.36:173,294,83,
5.112:14,6,3,7,
5.83:28,170,38,3,
3.917:34,41,35,
3.577:3,4,7,5,
3.344:6,3,71,5,
5.167:312,48,7,
4.458:134,349,16,322,
3.551:115,133,151,7,
5.055:2,83,3,145,
7.046:235,132,121,
4.459:11,369,13,62,
6.917:165,224,13,62,
5.943:14,99,51,48,
4.551:13,83,218,5,
2.947:6,33,34,
6.523:343,13,
5.18:59,333,13,
4.658:14,237,50,48,
7.056:53,5,
6.441:11,368,13,5,
6.657:28,134,3,126,
6.295:191,146,136,156,
6.149:94,21,62,5,
6.621:28,186,13,126,
7.154:244,2,132,145,
5.804:99,62,5,
9.79:59,160,88,7,
4.846:112,99,101,48,
5.482:16,7,5,
6.862:342,13,3,
5.9:29,88,13,126,
6.95:
8.619:11,13,253,
5.106:2,91,48,
6.503:28,134,126,
7.334:13,302,
6.271:98,96,55,97,
5.011:46,47,62,48,
7.211:12,3,5,
5.052:16,3,7,5,
6.803:85,88,7,123,
6.143:11,368,7,5,
5.511:262,263,264,
5.177:158,13,126,121,
6.857:65,160,15,211,
5.912:304,13,199,133,
7.423:75,79,
4.058:303,305,137,133,
4.744:169,133,
8.469:38,13,5,
9.197:23,260,7,
7.572:328,44,292,
4.112:46,50,47,48,
3.567:2,113,71,5,
5.71:23,260,7,
5.927:18,3,7,87,
3.817:30,13,5,
3.629:33,34,3,
6.054:85,3,7,
5.449:11,370,7,5,
3.852:46,16,47,48,
7.491:182,183,160,137,
6.954:227,26,6,3,
5.395:65,59,15,73,
6.219:104,110,57,5,
10.309:59,160,172,7,
6.571:16,3,151,7,
4.026:46,16,66,61,
6.515:191,12,26,353,
4.291:110,55,48,7,
6.133:14,58,59,216,
5.855:26,133,121,5,
6.211:93,340,13,334,
4.497:136,3,207,7,
5.459:6,2,189,3,
7.655:88,234,133,203,
8.55:59,15,217,
6.814:191,136,304,133,
7.334:75,79,86,
7.102:13,74,302,5,
7.459:15,73,203,
5.028:212,88,3,5,
7.198:169,142,197,
7.414:59,217,282,
4.992:134,352,351,322,
3.214:11,10,3,4,
6.77:59,160,7,
2.23:38,13,3,
4.257:12,215,3,5,
6.706:229,13,302,5,
7.739:59,160,7,211,
5.202:16,113,3,5,
5.72:54,290,
4.958:58,370,5,
4.867:14,172,3,7,
6.62:183,132,152,133,
6.842:78,368,371,
2.234:33,34,3,
10.006:160,3,7,208,
6.784:62,312,269,
5.678:11,94,21,5,
4.352:28,1,111,180,
7.78:340,13,
7.046:288,360,62,5,
4.78:293,83,81,145,
5.499:293,83,3,145,
5.478:357,62,3,
5.804:134,349,322,121,
7.036:28,137,151,
5.12:65,62,83,313,
2.742:42,33,34,3,
7.053:96,62,97,5,
5.046:65,15,73,282,
5.629:166,62,
7.164:26,2,354,5,
5.342:13,334,
6.337:111,141,126,174,
4.703:59,121,123,
2.866:19,71,7,5,
5.706:2,3,48,7,
8.907:94,21,7,5,
9.28:155,13,137,7,
7.868:134,111,141,126,
6.556:2,3,246,
4.663:29,216,278,
5.362:295,2,62,145,
8.837:62,7,5,
6.19:110,16,51,48,
8.535:16,172,2,7,
8.988:59,73,187,5,
4.371:88,3,126,114,
5.361:28,58,7,
4.634:182,58,205,7,
6.28:249,3,7,
6.129:46,52,16,7,
6.865:13,334,
5.001:191,12,26,5,
6.171:28,265,
4.023:46,51,50,47,
5.71:188,1,354,5,
5.384:238,50,48,5,
5.872:28,134,122,126,
7.411:28,126,7,
6.724:2,3,48,7,
6.44:105,99,62,102,
5.99:279,16,216,278,
7.451:14,59,217,
5.004:115,7,
4.356:191,111,177,102,
6.397:28,136,156,7,
6.08:13,131,3,151,
5.127:12,1,354,5,
4.748:26,7,5,
2.499:46,67,47,48,
6.288:46,52,16,3,
6.828:158,13,234,121,
5.159:2,354,5,
5.351:134,16,322,
6.978:28,134,3,126,
