5.334:11,94,83,5,
5.777:12,113,3,5,
7.251:28,13,122,126,
5.258:134,16,352,322,
7.182:113,7,
7.788:160,88,7,
4.881:16,275,49,
9.643:127,29,13,
6.834:55,99,16,43,
3.867:46,82,47,48,
5.156:194,188,13,
7.642:13,302,
6.608:293,21,62,83,
4.397:110,102,48,
7.38:98,96,55,97,
4.708:3,4,7,5,
6.952:54,21,7,
7.344:285,286,59,242,
2.758:19,4,81,5,
6.754:216,115,7,
4.465:13,137,133,
6.983:13,74,302,5,
3.775:75,78,79,86,
5.875:51,69,
7.666:28,59,13,126,
7.458:73,282,
3.685:321,312,48,
4.888:191,26,125,5,
6.708:65,255,256,
6.108:104,110,
6.207:15,73,203,
5.915:229,13,74,302,
4.09:134,352,322,350,
2.939:258,23,3,
6.196:134,349,322,121,
2.657:33,34,3,
4.715:13,95,3,5,
9.668:
8.12:82,192,121,
8.364:345,183,152,
5.735:54,13,
4.411:16,2,62,145,
4.144:110,55,101,48,
3.443:8,315,83,5,
6.815:327,3,292,
7.462:28,135,59,160,
4.105:13,199,152,133,
4.941:3,126,114,7,
5.703:134,322,350,
6.074:11,83,3,5,
7.067:59,15,
5.775:6,2,3,7,
6.565:65,15,73,
6.139:96,16,51,97,
7.471:59,15,
4.426:6,30,113,5,
6.751:88,7,
6.195:28,141,126,7,
8.401:143,142,121,
3.612:27,226,3,137,
