6.358:46,52,64,5,
7.95:284,59,16,217,
6.68:13,74,302,5,
7.509:16,54,51,
8.584:195,13,
5.312:110,19,48,7,
4.489:152,305,137,133,
2.711:33,34,3,
6.274:135,186,13,126,
4.79:116,19,3,5,
5.518:195,13,125,
5.607:16,3,326,119,
6.14:28,3,122,
6.753:96,62,97,5,
5.436:46,50,47,48,
8.652:72,59,157,125,
4.866:6,3,207,
2.964:39,41,3,
5.373:65,240,299,
4.718:199,152,133,151,
6.306:106,99,16,100,
5.452:134,349,322,121,
6.315:154,74,7,5,
8.524:70,2,7,145,
7.261:55,99,16,43,
5.957:12,213,13,126,
3.405:11,13,83,5,
6.555:240,13,
4.737:23,37,5,
5.958:345,6,151,5,
7.534:16,13,144,145,
7.826:28,136,178,154,
4.727:46,16,66,5,
6.694:58,16,51,321,
2.676:11,3,71,5,
5.26:21,354,89,5,
4.471:28,38,3,151,
8.894:158,59,88,123,
5.938:134,322,350,
5.787:134,322,
7.402:16,121,
6.289:23,16,54,
3.373:33,2,34,
5.137:75,78,79,
4.683:96,53,97,5,
5.71:188,1,354,5,
7.419:28,141,126,
8.55:59,15,217,
3.873:294,2,83,145,
5.202:46,67,47,5,
8.665:157,13,126,
3.434:236,126,114,7,
4.857:12,28,53,5,
7.05:254,58,16,276,
7.175:12,154,3,5,
5.995:28,193,13,3,
6.447:11,28,83,5,
5.011:65,51,48,316,
4.112:46,50,47,48,
3.277:19,71,5,119,
6.104:13,133,151,
6.406:28,1,122,
5.363:26,5,
5.279:85,16,7,
6.132:169,152,197,
7.357:65,15,73,
5.03:57,27,7,5,
5.918:124,70,3,7,
4.755:199,115,133,151,
3.979:42,33,34,35,
4.272:262,264,62,5,
9.303:106,59,16,64,
7.151:23,260,7,
5.129:94,31,5,22,
8.191:15,73,
6.44:105,99,62,102,
6.577:96,16,97,5,
7.779:16,88,230,13,
8.175:59,196,73,
4.916:134,349,322,
4.734:16,3,7,
5.08:26,134,81,
6.169:237,50,7,
4.446:75,78,79,86,
8.241:62,312,5,
4.002:75,79,13,34,
3.334:6,27,4,5,
8.704:183,152,7,
6.506:13,120,125,126,
7.056:53,5,
5.872:28,134,122,126,
4.764:134,352,322,350,
5.538:266,16,5,267,
8.491:28,160,53,3,
4.482:46,50,47,48,
6.687:227,28,88,7,
6.412:15,73,248,
8.222:13,74,302,5,
3.934:11,83,354,5,
7.139:158,16,153,3,
6.745:2,328,3,292,
8.272:96,55,97,7,
7.137:58,16,216,
5.69:96,16,97,7,
6.193:28,3,126,7,
2.568:23,294,83,
4.566:62,95,83,5,
3.739:16,199,133,151,
8.286:23,14,260,
2.205:33,34,3,
4.401:2,132,151,7,
4.016:23,10,4,22,
6.346:12,94,5,
6.279:55,99,16,63,
6.829:46,52,53,5,
6.334:46,52,59,
5.721:156,111,142,53,
3.549:11,46,66,5,
6.744:72,125,92,
9.122:59,160,88,131,
5.906:90,65,3,92,
6.458:46,47,48,49,
5.977:99,48,43,7,
4.517:6,337,2,145,
8.946:135,184,137,121,
4.078:152,102,137,133,
6.414:16,132,3,133,
5.02:99,16,101,48,
6.577:28,131,3,151,
4.609:62,95,83,5,
4.969:13,120,
4.651:75,79,86,
5.51:26,3,
5.629:294,223,83,145,
5.028:212,88,3,5,
7.722:78,176,157,120,
5.508:134,322,
4.813:12,21,354,5,
3.248:293,83,
7.389:59,160,88,121,
5.351:88,131,126,7,
5.362:295,2,62,145,
4.957:30,83,3,7,
5.944:13,121,
7.22:96,62,97,5,
4.792:11,12,368,13,
7.921:74,302,5,
7.934:72,125,126,
6.542:309,266,271,16,
4.556:33,34,
7.369:58,45,21,172,
6.784:58,16,216,
5.615:293,83,7,
5.39:28,3,126,123,
6.593:105,262,263,264,
3.059:265,62,
6.449:6,70,3,
4.532:134,16,352,322,
6.804:183,142,3,137,
7.022:94,62,5,22,
6.078:28,118,3,7,
4.578:339,340,13,
4.18:46,16,66,61,
6.48:157,141,121,174,
8.341:23,16,7,
6.932:134,189,13,137,
4.518:12,19,30,5,
5.352:134,16,322,
6.554:327,292,329,
7.345:327,44,292,7,
3.524:309,358,298,48,
6.02:219,142,132,133,
4.959:96,16,97,5,
5.515:11,12,370,13,
5.665:16,62,3,
4.143:254,273,58,7,
4.733:263,69,365,7,
5.319:6,2,3,5,
5.543:13,197,44,7,
4.94:28,128,252,123,
4.535:28,84,7,
6.375:46,5,
5.518:136,138,133,
6.828:158,13,234,121,
6.723:136,148,126,151,
7.718:194,195,13,121,
5.482:12,30,3,5,
5.841:94,3,
3.865:19,71,7,5,
6.925:28,137,126,123,
8.961:224,15,73,123,
6.84:139,120,125,
7.053:96,62,97,5,
6.295:11,94,83,5,
4.714:11,28,83,5,
6.285:6,142,5,
5.897:46,52,16,61,
4.663:29,216,278,
2.633:6,3,5,
4.295:134,352,351,322,
3.726:237,16,50,7,
6.013:16,7,5,289,
7.188:28,13,126,7,
6.471:192,340,333,13,
6.117:28,152,126,7,
5.107:237,50,73,
4.957:160,13,5,
4.174:12,6,4,
2.501:23,293,83,
8.601:188,78,
5.477:345,6,3,151,
5.052:21,354,7,
4.458:134,349,16,322,
10.047:65,59,54,189,
7.356:374,62,
7.63:28,7,89,5,
5.187:98,96,51,97,
5.309:134,352,322,350,
3.846:88,70,2,3,
6.738:23,14,260,
6.253:46,47,49,
7.148:23,260,
7.832:288,16,54,5,
6.871:77,75,79,86,
4.66:134,16,322,
5.627:65,62,3,
4.597:6,10,3,4,
8.495:14,15,73,
5.265:2,189,3,7,
9.117:15,73,
2.89:11,94,71,5,
4.889:2,57,354,5,
5.45:134,352,351,322,
7.855:124,125,126,
6.879:12,26,62,
6.063:94,21,5,22,
4.719:58,21,369,7,
5.459:152,305,137,133,
6.21:55,99,16,51,
6.966:14,362,3,7,
5.081:273,58,16,7,
6.037:2,7,87,
8.518:85,58,59,211,
5.948:15,73,
7.46:158,13,138,126,
4.977:23,260,92,
6.628:94,132,133,5,
7.1:169,171,13,137,
4.295:11,13,83,5,
4.801:37,3,7,
6.194:28,6,3,126,
5.43:135,158,234,133,
6.736:13,74,302,5,
6.506:28,106,245,
6.645:25,16,34,
5.995:136,148,157,13,
4.082:2,3,5,
6.792:327,328,207,292,
4.418:12,30,3,5,
9.439:160,73,7,5,
8.018:160,16,88,7,
5.224:6,132,152,133,
7.873:23,16,260,
3.916:1,3,207,
5.478:88,70,7,145,
8.788:59,160,88,
6.912:13,74,302,
6.632:13,3,
5.136:75,78,79,86,
6.046:29,279,216,
6.921:28,1,27,
5.64:221,51,308,290,
6.302:139,192,13,7,
7.395:222,13,126,89,
6.341:59,15,
6.86:191,160,91,7,
6.082:6,131,3,151,
4.678:21,2,5,
7.867:369,13,
3.939:16,3,5,
4.917:11,83,7,5,
5.778:16,275,34,289,
5.643:88,113,5,
8.105:75,79,86,
6.676:240,237,238,50,
4.625:6,2,132,145,
3.146:359,294,83,
5.755:28,188,136,3,
5.709:19,113,5,
7.986:59,160,172,7,
5.388:6,2,3,7,
4.977:318,16,144,269,
3.404:265,62,5,
5.971:28,171,2,138,
6.233:16,5,
8.298:75,79,86,
6.489:104,55,99,7,
6.322:
6.71:16,88,203,
6.048:219,132,133,151,
5.826:62,5,316,
7.691:136,153,13,7,
5.896:240,237,238,50,
5.965:26,134,7,
6.555:293,54,
5.64:13,302,
6.526:62,7,87,5,
3.035:13,303,83,133,
4.776:158,235,133,
4.77:199,152,133,7,
4.853:46,82,47,48,
3.28:45,33,34,
5.493:16,275,5,289,
6.621:131,151,7,
6.781:13,302,5,
6.436:88,7,
6.326:328,44,48,292,
5.851:273,55,7,5,
3.649:33,34,
6.63:75,79,86,62,
5.156:134,148,111,7,
2.252:6,33,34,
4.943:134,322,350,
5.059:
6.702:46,52,58,61,
7.261:62,83,7,
6.212:46,16,47,
5.419:6,2,189,3,
9.581:46,16,66,48,
8.228:178,125,141,174,
5.928:46,52,48,5,
4.585:62,133,
8.896:171,222,13,7,
5.912:28,154,122,126,
4.93:304,13,199,133,
4.886:14,16,7,
5.603:58,59,73,205,
2.477:6,3,4,7,
5.83:28,134,3,126,
3.526:23,65,51,
5.66:309,99,16,49,
7.597:28,135,184,3,
4.275:191,28,115,133,
8.857:65,79,10,161,
7.503:59,148,133,7,
6.262:26,57,62,5,
6.309:135,21,354,7,
5.39:96,51,97,7,
6.415:185,13,
6.214:134,349,322,
5.402:327,328,3,292,
4.492:304,133,7,306,
5.036:23,62,
5.587:23,14,48,
5.632:75,78,79,13,
6.2:59,217,282,
3.154:12,6,4,5,
3.279:6,33,34,3,
5.834:75,79,86,
8.302:16,275,7,289,
8.421:58,279,216,278,
7.634:28,188,1,122,
5.747:96,16,51,97,
5.24:12,176,157,13,
7.677:59,16,217,205,
7.925:262,263,264,
6.224:192,333,13,
4.416:30,354,5,
5.65:2,354,89,5,
6.104:96,16,97,5,
5.344:23,14,260,
6.708:65,255,256,
4.482:23,14,261,
5.417:2,3,7,5,
6.299:58,237,16,7,
7.856:96,62,97,5,
8.4:23,260,7,
6.417:96,62,97,5,
6.077:149,132,7,
7.457:72,123,
8.312:204,59,160,7,
5.151:2,354,5,
3.818:359,65,51,268,
6.069:13,302,5,
6.705:275,34,5,289,
4.486:46,48,322,
5.126:229,13,126,
2.418:34,41,3,44,
5.445:188,3,123,
6.134:16,2,7,5,
7.348:58,279,216,278,
5.147:28,151,121,
5.839:21,354,114,5,
10.424:59,160,7,121,
6.319:28,3,122,
4.4:28,189,53,5,
8.401:11,18,73,7,
4.964:14,16,7,
8.825:75,45,
4.842:28,171,7,145,
