1958,1330,767,117,4554,57,1038,379,3377,246,1113,65,2247,83,295,3883,577,481,2066,1853,3739,1819,382,4555,
597,218,14,88,602,599,1575,213,33,30,210,335,3055,
71,597,1787,96,998,477,514,87,64,271,801,356,89,349,1413,602,68,2564,2485,1036,2884,2012,372,
271,83,425,50,1873,1695,2022,2023,242,2024,36,185,2025,66,597,183,2026,1041,201,96,2027,98,35,2028,
104,102,5,
78,186,767,
1671,31,313,
531,3012,626,110,
123,795,1602,797,33,1603,693,
4371,75,518,722,1738,524,2848,1739,136,520,2850,4372,2002,
1970,1609,98,1610,1974,136,234,1050,395,211,87,70,687,1054,304,4629,1134,185,36,954,336,4630,4631,175,
1688,1074,352,1689,1690,1691,
98,300,3954,
1048,693,123,796,797,1047,852,795,4902,1053,64,1049,4968,893,2433,4969,3031,1052,1786,4970,98,76,592,414,1051,
476,318,478,477,96,480,71,29,352,229,240,1148,250,481,482,330,1421,319,1422,1423,245,479,903,728,801,
347,182,66,1957,
663,890,1998,
2180,2246,767,123,11,65,236,117,1246,
2048,110,761,
252,57,795,
989,913,990,915,29,914,993,87,995,236,65,1395,1310,228,761,4097,4098,4099,14,11,2369,237,810,
1330,1356,117,83,3929,295,50,65,1485,30,
1752,73,
2108,1019,83,
110,29,1,73,1001,557,1257,650,
78,4869,86,252,57,14,37,77,44,4695,
626,622,3436,1093,3680,620,297,1246,1446,116,
52,518,777,75,274,60,2286,29,367,903,372,123,40,296,5195,72,590,98,87,5196,5197,83,2792,102,
0,610,65,1,25,236,611,379,612,613,120,614,615,16,616,585,11,
110,708,169,3006,73,709,65,2921,236,3007,
237,173,123,228,3400,65,138,279,238,11,309,1308,3404,
235,419,437,436,40,792,374,189,
1064,200,1991,1922,135,1074,1878,1241,1288,1213,1028,1992,1993,
4857,3441,4858,
31,1490,1491,78,177,1492,1493,
83,50,1,531,11,2309,3574,110,2048,3575,3576,
271,425,87,216,83,1524,15,50,36,1695,71,304,1945,1946,372,510,1947,678,1948,728,1021,1670,1483,1949,1950,
400,3123,123,3124,228,3125,234,137,235,2909,3126,
32,31,913,
228,87,2010,65,2012,2009,123,1091,29,771,768,11,83,243,50,232,481,412,531,229,14,236,37,41,
56,2355,1731,68,1622,2356,2357,581,234,2358,126,76,2359,127,1876,2360,
3757,581,173,1,5,374,1637,107,24,2373,4439,4052,
78,767,1050,241,4737,155,3111,2336,117,186,1170,4662,70,254,79,4738,4592,5,
1575,183,40,241,4169,1576,1681,185,22,239,4170,
70,775,1327,57,166,252,246,1819,228,29,777,66,757,758,3951,2213,4748,2066,1668,87,235,592,4749,
1288,1289,20,
48,73,53,617,618,619,
123,399,76,228,237,234,65,1080,83,1597,138,64,385,1021,11,397,125,403,137,4246,1226,1599,2660,
440,714,228,489,29,123,237,65,236,989,238,11,715,232,717,1098,1535,995,44,767,683,771,16,1536,
19,29,65,228,1983,236,238,123,28,389,232,11,440,771,989,3068,577,714,237,855,715,1333,995,3083,1325,
1595,186,185,123,767,
123,555,228,125,995,1986,551,5,1792,65,76,908,1797,1586,309,2527,29,73,3082,531,236,1566,989,1932,
693,123,2676,798,1910,200,1296,1915,795,1598,
410,5,271,1,216,266,2753,844,336,408,2754,125,2755,2756,239,105,2757,1604,39,402,30,87,107,2758,
100,425,901,216,271,88,29,64,679,716,232,89,245,998,1365,409,1366,
3201,903,1524,1659,75,4131,518,1050,274,4262,5291,2175,388,379,3906,120,
75,2126,2127,1343,352,518,2128,1344,200,2129,136,1347,2130,2131,83,722,788,349,1193,2132,274,877,355,2133,
1004,70,71,57,123,3002,78,87,229,597,29,65,2033,3003,99,136,287,3004,396,50,83,22,3005,234,
5243,339,15,31,313,14,957,1,177,336,11,36,87,64,40,37,42,5244,5245,70,43,330,601,41,
418,1788,420,75,419,83,284,14,243,87,761,2606,2607,228,2196,2608,2609,2610,481,296,518,50,123,
