1573,680,4478,183,88,30,603,92,4479,117,101,208,4480,1330,429,24,120,1479,200,4481,4482,2242,4483,
397,403,869,637,767,1228,
31,1006,275,1382,
73,456,30,5,698,127,352,24,699,585,83,576,700,701,574,514,368,702,703,52,235,374,704,705,
52,518,777,75,274,60,2286,29,367,903,372,123,40,296,5195,72,590,98,87,5196,5197,83,2792,102,
75,66,544,274,183,374,429,820,2147,2481,
1254,611,65,78,1186,1634,336,64,845,408,481,29,1387,909,852,856,30,1646,3001,1845,1076,14,844,854,178,
77,201,202,5,203,29,204,205,206,207,208,209,
271,1064,2924,1074,406,425,2510,1073,216,2925,2512,36,1695,83,1483,302,2926,98,851,66,185,50,2513,405,2927,
395,854,274,15,175,14,518,65,75,29,1091,136,722,1092,236,228,232,296,1093,1094,1095,788,669,481,1096,
0,165,1181,
75,68,5,540,2205,1603,274,1840,788,2206,699,2207,2208,877,518,2209,127,208,408,1843,2210,1098,2211,95,592,
4280,4281,664,123,399,83,64,660,4282,
1,86,0,281,258,1655,11,17,854,1521,379,83,120,14,446,26,581,463,336,39,585,577,531,
1052,1064,123,797,1147,2813,4078,1702,4079,
2439,664,2440,622,309,116,2441,794,379,5,386,374,1028,819,663,24,665,234,2442,477,349,173,462,56,120,
344,2549,2550,
463,461,1482,123,462,2288,65,228,11,572,1,2304,349,176,117,1479,2305,3616,531,3501,68,29,1316,235,3617,
279,68,173,400,
2048,2869,534,1532,
2348,72,58,597,2349,514,
237,1944,5,123,65,
3037,3045,1731,2293,2989,3839,3840,
92,1783,101,
31,5,173,309,469,472,279,310,658,313,15,52,386,336,330,459,208,14,60,120,30,39,107,339,445,
271,425,372,87,216,215,1081,413,70,36,64,54,563,68,481,998,185,1406,41,1083,531,35,1407,245,
4002,271,425,4003,2510,4004,2513,36,87,2927,4005,2512,4006,1524,2213,4007,1706,4008,3308,4009,4010,4011,4012,1407,
1,14,11,52,429,3982,83,123,585,117,16,473,50,675,639,598,2617,176,3983,440,171,577,1494,3984,631,
3235,1183,83,3236,664,3237,1537,1019,50,1458,2750,798,3238,1484,1018,3239,893,1878,660,3240,1453,239,3241,
381,5,3347,54,73,3348,
664,1453,1460,1183,
5305,903,75,76,5194,123,5360,5361,234,235,87,2686,35,518,2116,400,
818,91,1500,71,349,5,96,477,479,127,64,3465,3466,3467,1787,3468,1413,998,1647,1039,53,198,3469,
8,173,9,1,17,12,
995,123,3802,127,379,481,551,1986,1932,3803,693,585,3524,
14,622,118,29,2496,1024,620,33,24,590,402,72,335,1029,1023,117,232,563,116,1093,2497,646,93,663,213,
1379,76,72,83,95,119,349,433,1480,71,1656,1657,1658,1659,595,1660,1279,116,
1595,123,186,228,399,4809,76,65,11,767,1622,903,125,237,64,4031,98,29,5085,245,1021,771,372,
29,844,408,1445,1064,1841,592,541,1074,3918,
31,738,742,471,309,447,5,445,386,342,459,745,313,957,32,740,1626,999,278,310,1627,
83,1273,50,351,66,1274,760,820,
31,405,352,406,5,83,
88,4519,286,903,271,1070,477,287,1969,71,1678,1960,290,293,
96,1064,656,1069,477,2789,182,947,1074,946,2139,5230,71,801,479,1073,944,1411,91,5231,1067,1926,1076,355,1451,
2531,1019,1183,1614,1018,
2018,1019,1614,2019,
418,563,761,810,2661,3040,
1048,693,123,797,1047,1049,796,1053,795,798,5256,1051,2433,4803,98,1064,894,2417,2683,42,5331,4844,64,78,
1792,1670,678,2728,1794,228,1797,123,216,220,65,254,2336,2729,1884,2117,24,2730,
102,68,1,103,107,106,
237,228,123,65,3504,238,173,3505,11,236,110,3506,1920,235,171,3507,
4542,0,729,11,4543,407,309,689,
123,83,228,237,110,65,50,68,76,98,531,995,186,11,235,299,103,30,5,234,236,397,16,1,
643,1480,116,76,622,120,379,83,464,4129,620,656,3849,11,50,665,1279,1487,3974,663,979,3869,3899,2362,4130,
48,73,53,617,618,619,
104,99,103,68,2739,102,11,2740,73,83,16,106,1,874,108,511,2741,2560,2742,279,25,105,43,50,
123,76,385,
52,4018,61,69,1994,1177,53,4021,4020,2416,4019,60,58,4022,4025,73,4442,83,2004,4028,50,2659,4443,4444,
1063,729,407,14,20,87,29,
139,106,102,559,95,14,44,103,29,235,5,1710,41,1000,173,38,
68,15,279,228,104,
75,903,98,540,274,518,64,123,5384,5385,136,76,477,71,590,1609,70,722,1861,175,349,5386,1602,668,699,
73,487,488,489,490,456,491,93,492,192,493,
72,367,52,777,57,246,60,195,2768,252,1404,590,83,48,1525,481,66,372,251,3593,87,29,76,276,
32,31,179,180,181,
344,3925,500,1025,
83,98,727,4780,1065,3203,
995,28,663,65,19,381,544,24,1983,379,236,1199,3150,
352,1872,1873,1874,185,200,1041,1875,1876,1877,1878,1879,201,70,1880,1881,
92,374,95,93,349,71,
83,30,65,14,352,481,50,29,41,513,208,38,2952,336,531,117,5,123,44,2954,76,11,372,
2388,794,2389,2390,2391,1663,795,123,76,893,799,462,396,2392,30,117,2393,2394,2395,2074,2396,466,1862,228,65,
995,29,235,1792,123,5,228,2196,1797,989,3020,440,4182,693,551,107,127,11,239,1986,1110,3524,65,1883,2193,
123,399,137,227,234,299,1601,76,1596,
96,83,64,66,477,71,50,1279,52,490,479,5,356,55,
1337,1183,1824,1064,2377,465,1862,1073,2378,2336,1074,2379,2380,1537,1451,2381,
3757,234,4494,
237,3400,173,279,
14,407,729,29,20,1221,
3804,3805,727,
123,227,98,76,299,399,1015,1014,2322,234,400,228,302,304,137,186,1600,
531,3012,626,110,
597,68,3961,99,71,96,477,602,87,372,1175,998,101,481,92,88,2031,479,801,64,1325,4460,4461,606,
271,4681,425,216,2462,29,185,87,70,64,513,3379,83,481,215,71,777,510,68,413,4937,245,1406,123,
14,729,407,659,20,
72,622,4071,1724,116,379,120,1487,462,620,11,1028,1246,3849,3741,1279,590,386,2362,3933,4072,14,5,
299,98,399,1176,123,304,76,1904,
76,228,237,395,393,123,65,68,1856,660,672,239,2012,400,514,771,83,236,
59,381,3529,3530,2045,62,29,664,904,1894,2955,3531,465,5,65,64,3037,245,3038,1007,232,2548,1422,3042,349,
4692,1019,2068,2781,1183,1018,
173,2309,5,1,
531,110,2123,2124,54,11,29,1532,123,1,165,228,309,236,1110,534,1111,65,16,854,2125,551,995,235,
92,603,406,
797,166,117,767,4983,
68,103,409,
1729,215,199,1730,88,1731,242,1690,87,509,196,481,1732,372,1733,185,1734,597,1735,804,65,998,514,1736,1737,
440,65,1275,28,2978,29,1,715,14,974,37,309,2963,970,2979,2980,2981,2982,
14,37,213,33,29,335,234,219,87,1782,5086,175,1536,1007,136,123,41,5087,232,336,44,3095,15,228,36,
228,771,29,87,65,83,123,768,3444,531,243,1091,3296,2012,229,372,37,11,481,50,41,2009,1235,68,
3994,597,352,599,3995,602,372,3997,70,660,3999,1050,336,997,998,1041,606,406,235,3996,1054,330,1284,
697,87,235,36,
1595,186,388,2685,
2456,739,2457,2458,563,469,130,5,173,2459,51,59,2460,
401,87,404,228,234,123,2366,36,235,2367,2368,2369,98,175,65,2370,211,239,236,137,136,2322,37,2371,
72,581,17,1637,349,544,
102,2994,2995,854,706,2996,173,109,104,103,920,328,279,2997,2998,
237,1110,989,228,123,173,238,309,1111,138,236,65,1308,995,11,16,279,386,379,1310,5,1,2,
47,31,15,14,11,1,48,1494,87,1495,473,713,300,70,
123,1622,76,1597,399,1599,1905,1986,24,
418,279,854,420,1714,236,73,
29,1367,33,14,310,43,
2264,33,29,4775,427,212,335,4776,1,551,4777,440,58,235,14,
767,123,397,29,117,234,385,106,384,403,87,65,2196,1786,64,2285,1330,1485,592,1815,228,2286,367,
995,440,228,123,24,125,1883,2332,65,2333,
1813,1074,123,60,395,1173,3787,5093,98,5094,
102,107,103,11,106,706,5,105,17,279,951,
440,1752,73,
913,614,915,65,29,11,914,916,1268,761,714,1257,236,232,1,1269,1001,14,166,1270,531,1271,1272,328,15,
2048,110,761,
946,3305,83,50,1628,656,3306,3307,
597,1891,1892,646,590,1893,64,71,647,661,602,1894,1218,1895,663,51,664,1041,372,1896,153,336,481,998,1897,
1958,1330,767,117,4554,57,1038,379,3377,246,1113,65,2247,83,295,3883,577,481,2066,1853,3739,1819,382,4555,
30,1164,73,1165,456,
395,123,2048,531,76,
240,309,469,173,29,386,57,246,243,251,83,192,279,78,65,70,244,185,481,14,658,41,208,268,
418,420,83,274,75,419,1788,
1288,78,20,
237,110,2469,228,16,1308,123,1561,65,238,1711,83,11,236,534,2470,548,309,531,2471,2472,2473,761,
2952,83,616,3726,3727,65,406,30,767,14,
30,3572,692,2169,3367,577,1779,1777,1489,
2806,53,52,5,66,2677,1994,69,2239,72,2807,24,59,2808,2809,2810,429,643,1177,637,2811,760,239,
2439,622,116,664,309,620,1480,83,386,379,173,1028,665,3748,50,585,1638,3989,120,663,349,3849,3990,3991,
75,1060,518,1901,1346,1345,136,1902,374,64,1344,274,893,722,1343,1348,1347,395,1903,728,1904,175,30,349,352,
389,1189,381,29,2499,54,228,65,514,335,232,1191,236,2681,746,3274,3275,
299,123,399,99,98,2271,
440,14,4349,11,1,4211,715,150,473,585,352,405,5,30,176,83,70,2689,675,2617,4350,2264,208,598,235,
271,14,216,218,4312,3987,2891,33,810,416,1706,414,29,4313,20,4314,2881,409,40,41,408,415,
2257,518,136,374,2128,2258,
531,2048,110,195,
2,5,4,1,386,5128,
903,836,904,59,75,905,518,360,774,363,130,245,3592,4778,381,906,1054,4588,1422,11,2175,1346,5255,
19,29,65,228,1983,236,238,123,28,389,232,11,440,771,989,3068,577,714,237,855,715,1333,995,3083,1325,
123,227,2323,438,137,399,414,40,76,1226,228,98,2447,2322,2082,1601,3482,2495,3483,3484,531,2330,52,125,65,
240,41,246,251,
75,1842,540,1838,274,406,4771,98,877,1113,275,518,183,4772,
1063,407,729,14,15,622,36,44,41,1424,335,659,65,20,
75,98,123,1843,518,540,91,1339,2318,2344,2345,120,374,304,2346,
2318,1050,592,123,1054,70,408,98,30,66,57,83,2320,2432,846,72,1177,727,1041,2433,1147,541,2434,
83,674,
597,5216,2708,352,599,602,70,5217,721,83,50,5218,5219,5220,4545,5221,606,330,5222,
52,69,305,61,4380,
531,110,5,87,854,2048,37,44,76,83,834,
52,1837,73,2237,2238,60,456,58,1064,372,53,683,117,29,185,65,1404,87,1844,481,84,998,64,
465,1765,4068,1064,127,1862,4340,820,4341,4066,4342,3791,1510,1762,2299,1076,2708,4343,1074,2577,
1873,24,2539,70,2540,581,1295,2541,1881,
31,32,83,211,14,671,672,673,674,675,352,330,70,336,339,
1989,3185,123,3186,3187,3077,3188,235,71,3189,
1064,2639,2640,2641,2642,2455,1213,466,2643,372,1104,2644,16,83,2645,2646,1074,2647,1041,2648,50,39,5,
531,4032,972,614,975,110,715,714,440,5226,65,236,328,11,1269,28,3600,717,753,232,1519,534,64,336,4785,
1672,5,183,98,2252,52,66,271,53,101,24,40,93,239,92,182,646,71,61,302,349,2253,2254,2255,87,
540,14,75,1472,274,328,1117,699,536,33,1222,980,31,1840,56,408,518,336,3859,
75,399,395,
622,116,620,473,1638,309,120,117,464,386,1745,76,40,1246,1028,83,379,664,1675,11,663,1480,3849,1487,1036,
186,397,767,1494,403,1916,1917,1918,
88,66,87,509,92,185,98,3201,508,4190,101,1573,35,123,15,4402,
110,228,29,3134,65,531,238,123,237,3135,1782,236,2744,105,15,1536,1210,551,64,1,11,175,232,73,
11,489,213,3502,3503,
33,341,329,342,336,29,1943,609,
271,68,186,3219,245,76,123,3377,3378,65,87,71,228,425,3379,237,64,2119,1337,3380,3381,3382,88,777,
4015,622,473,462,176,120,1028,4016,620,83,4017,
856,3393,1332,563,173,5,3394,3395,854,386,1,309,3396,3397,2593,585,29,3398,236,3361,1101,1105,228,
64,68,767,536,
1006,31,36,5,309,29,65,173,313,386,447,481,310,279,471,741,407,445,1007,335,729,771,30,228,136,
397,767,403,186,1860,70,66,1228,774,123,117,64,24,29,57,56,76,185,65,385,71,777,1655,2402,
352,3334,83,91,687,477,3417,674,50,71,96,954,1041,90,671,1193,479,66,3418,3419,88,274,64,465,1411,
123,795,1602,797,33,1603,693,
1873,352,998,271,3097,1874,2336,83,70,98,626,185,92,3098,182,201,2751,1183,249,1359,42,770,1175,53,
75,274,3605,
903,227,5276,123,1226,137,2322,1039,75,76,395,98,
110,3700,3701,1561,1,531,1519,123,11,1711,774,225,
995,1797,1224,123,288,2247,1883,228,473,309,1792,551,117,120,1884,65,5,379,2291,11,24,2292,1986,585,622,
243,50,29,83,73,349,93,
75,400,877,786,878,349,879,518,354,880,788,51,93,274,881,
47,1,1204,17,26,8,713,31,15,11,1205,14,1206,258,1207,349,621,631,12,120,1208,16,1209,
3584,243,418,810,29,65,50,70,3585,95,309,761,14,232,120,372,57,3586,3587,3588,
3777,305,88,199,3850,92,330,87,101,1016,998,185,36,71,89,680,35,196,3851,3781,721,2004,3852,64,
274,135,75,136,518,768,3152,
149,153,1,633,17,15,631,258,14,263,1300,
5082,999,5,5083,5084,
622,116,3942,620,83,120,1480,664,663,386,464,1028,11,1279,76,309,268,379,5,1487,585,473,
271,425,87,216,83,1524,15,50,36,1695,71,304,1945,1946,372,510,1947,678,1948,728,1021,1670,1483,1949,1950,
1183,1537,1064,3121,795,1073,2007,
75,83,352,518,2054,136,249,274,50,1041,66,395,64,722,1873,175,877,820,185,76,1788,2055,349,1347,2056,
31,660,1113,1064,352,382,14,1184,235,278,
1060,1057,2296,5,1902,374,2297,2298,309,2299,2300,2301,2302,2145,24,71,173,
1105,2532,975,28,976,281,970,2154,611,4928,1109,972,310,65,
656,429,657,94,
98,66,4923,375,661,1511,1480,208,30,76,4924,
1782,2744,65,232,29,87,531,771,228,1536,136,229,234,123,683,481,372,236,175,714,545,243,11,2745,
333,334,29,328,18,86,33,14,31,15,310,232,87,175,22,10,335,336,337,338,339,340,341,342,343,
83,477,1999,50,479,96,71,756,185,760,998,524,
1634,14,37,2280,4703,78,4782,33,611,87,85,36,77,5,29,2283,1452,510,81,3440,
1183,664,3652,5,1453,3653,
86,43,1163,
117,2498,5,767,29,2499,14,37,
75,3235,1830,1840,400,386,699,274,309,540,14,415,30,5,667,
590,622,116,464,309,2717,268,386,72,620,120,83,1021,1028,98,379,176,663,117,76,123,11,279,173,473,
29,228,123,
385,1,40,30,4013,220,268,235,4014,
60,755,5,36,674,
352,1873,1041,
117,93,707,1479,
31,199,1090,88,1473,408,1605,539,660,15,1606,309,179,159,14,1476,196,48,336,998,538,32,161,1607,1608,
228,123,1655,76,65,4794,237,83,5,590,234,98,379,50,4755,585,95,402,481,395,767,235,
597,218,14,88,602,599,1575,213,33,30,210,335,3055,
15,31,4723,252,683,
426,2412,1940,1,563,2413,379,309,693,1370,279,
315,1935,544,1936,31,1937,135,0,372,1938,732,309,14,29,1939,1940,252,310,1941,611,173,30,407,65,1942,
98,123,299,1696,1692,1064,76,1601,1074,1446,1451,3682,
83,76,98,50,4632,
0,712,713,73,238,1,
585,946,1890,
103,104,107,5,68,102,1216,
31,271,216,14,15,87,37,179,409,410,29,411,98,32,412,232,413,414,64,185,218,1,415,416,417,
1532,3067,110,
263,1,631,17,632,633,634,123,635,636,349,86,183,637,638,639,640,402,641,642,643,11,16,379,644,
100,88,309,89,749,
2949,469,309,240,
989,31,47,990,991,14,322,0,15,29,219,65,176,992,993,994,995,996,
11,123,68,
890,182,4729,4730,4731,4732,1956,643,40,707,50,892,5,83,183,350,466,4733,117,24,3269,269,52,585,87,
464,76,1480,663,2652,643,3739,3742,3748,83,116,379,4274,386,1030,4275,3849,
102,5336,5337,
707,910,890,3977,429,3978,2395,3979,3980,3754,3981,120,
299,123,399,68,76,228,234,4317,1597,699,4318,3835,1226,1136,602,137,65,64,4319,
4744,98,1357,66,4745,4564,1056,70,123,693,185,395,302,771,4746,76,4747,
183,374,3864,813,664,3865,3866,
52,53,95,
228,389,68,995,
381,1189,389,54,2953,65,1322,481,767,5,1325,134,173,309,504,83,1,236,228,123,186,1191,146,29,
2573,2887,3677,
477,75,466,903,64,274,96,98,518,349,722,720,
693,687,1910,123,1911,1173,399,1296,1598,1049,24,1912,1913,1914,414,1060,796,798,1915,1687,30,98,954,
31,1026,85,14,336,408,1027,15,39,
68,279,1,11,
110,3363,3364,173,995,1,238,228,123,279,834,669,16,236,65,534,176,309,171,1309,125,
3904,3905,216,3906,3907,3840,1081,452,
50,2670,1960,
2140,4820,352,597,4821,469,3995,3994,83,599,5,1050,1041,820,127,602,4487,2696,563,4473,4867,1054,4130,50,4868,
1873,183,2044,465,2045,
778,58,40,52,73,60,246,437,
1050,622,1054,372,3847,3741,386,379,3848,120,663,192,70,3849,83,
465,1758,1759,1760,1761,1762,1763,1764,1765,1766,62,1767,1768,1769,820,1770,
86,328,1812,732,1811,105,1,11,15,73,832,14,16,25,5,1087,1540,2627,29,87,2628,30,1259,
1502,1503,1504,54,701,456,1505,1506,1507,73,125,1508,1509,1510,1511,1512,15,1513,1514,1515,1516,596,504,
1288,237,228,11,78,2061,236,123,65,219,2062,
249,185,352,
4592,88,4916,89,5206,4917,352,4918,1731,2853,5207,
313,31,1385,1391,1392,73,310,328,26,21,1393,1394,176,107,
123,687,693,
308,31,309,408,310,48,311,
1021,1595,68,1622,65,699,64,123,1986,
199,5,3798,96,
1480,643,3945,1382,663,3946,464,2372,1028,76,11,3741,3849,309,622,379,386,3947,3948,83,66,3949,116,1484,
477,88,271,454,96,2101,2102,71,728,1148,2103,89,100,375,64,479,2104,
3165,96,3166,477,229,71,479,1379,53,760,
1625,32,31,309,88,216,469,171,
52,1404,73,87,53,5,58,372,40,1525,60,35,216,235,83,54,37,456,24,50,72,563,1889,
1,473,117,2617,
31,678,40,1670,216,173,268,1359,
597,3794,271,3795,602,15,14,1969,87,71,37,31,407,33,997,216,599,337,1894,64,729,606,3796,1395,36,
103,104,68,5,874,1,102,108,875,106,16,236,277,469,107,228,114,876,109,235,95,
237,173,123,228,3400,65,138,279,238,11,309,1308,3404,
228,19,614,1983,65,110,28,1,3213,3272,30,
2396,893,3265,2652,123,795,3267,798,
344,597,2524,1622,372,
1105,4232,3361,563,281,875,1107,4233,386,283,126,
110,29,236,228,2048,1210,3337,
68,103,83,123,279,1599,138,106,
32,380,31,309,211,173,381,312,382,383,297,
31,352,406,15,309,5,405,14,173,87,336,48,268,469,1041,208,279,339,37,275,39,1113,313,1114,
199,88,513,196,185,54,215,481,87,372,804,319,660,679,998,4964,4965,1288,232,65,4966,
31,408,88,845,1528,185,179,1387,177,1529,1530,1083,585,1451,379,30,32,1531,
1960,3053,287,286,183,1678,489,512,386,240,64,292,72,3670,
3440,77,3441,78,2280,3442,
955,31,32,48,408,70,14,159,310,939,959,777,800,619,
3757,234,581,56,60,52,4175,14,1,126,344,5,173,1637,2410,4176,559,1525,275,235,16,386,577,3774,
199,88,196,804,513,771,185,215,372,87,1476,4964,5164,54,65,101,
75,4767,540,173,5,4768,1838,279,274,877,699,309,4130,4680,518,4769,4770,
1024,402,590,57,29,777,117,70,76,372,596,646,5,531,24,14,232,71,65,1023,54,1192,40,510,
271,87,5056,5223,101,88,409,216,3508,416,64,235,76,3201,99,15,680,425,179,97,35,1420,2053,239,413,
1561,110,173,65,1,1711,5,237,531,236,228,379,165,238,279,120,11,123,1308,16,701,534,4,39,
183,347,348,95,349,93,350,5,182,351,352,353,354,355,120,356,357,358,359,
271,216,87,83,761,1083,3566,481,11,228,372,
71,597,1787,96,998,477,514,87,64,271,801,356,89,349,1413,602,68,2564,2485,1036,2884,2012,372,
182,123,385,183,384,184,397,200,98,227,395,355,137,188,76,5,1230,1226,186,396,767,197,136,1231,350,
3046,3042,3045,3037,1846,3029,
71,229,349,234,29,245,136,91,3105,1622,64,175,98,274,137,2012,2943,2055,3106,
995,3863,24,989,225,123,
4450,778,40,88,1678,1862,58,760,235,268,4558,
