4.534:221,3,290,5,
5.67:185,13,302,
4.877:16,3,7,119,
6.914:124,13,
5.769:112,99,16,49,
6.047:155,26,152,5,
6.68:345,183,59,171,
3.401:293,19,83,71,
5.129:94,31,5,22,
1.925:19,4,81,
3.868:46,47,48,
7.127:59,160,114,
4.025:28,3,126,151,
6.245:340,13,197,334,
5.202:16,113,3,5,
4.829:2,3,48,7,
6.511:169,62,152,133,
3.531:6,34,41,
4.989:110,293,83,145,
5.42:134,349,322,121,
6.274:135,186,13,126,
3.831:33,34,35,
6.143:11,368,7,5,
7.844:88,3,7,123,
6.275:134,13,125,126,
4.606:13,302,
7.612:72,151,7,
5.517:51,340,13,334,
6.653:279,216,278,7,
4.411:75,30,86,5,
5.221:28,6,3,122,
5.498:294,16,83,145,
3.109:33,34,44,
6.876:16,113,5,
7.166:13,128,
4.952:16,2,115,7,
6.3:2,62,48,
4.082:111,13,126,121,
7.335:188,143,121,
5.921:192,13,
5.516:72,59,179,157,
4.943:110,3,48,7,
5.301:11,370,13,7,
4.492:191,12,26,353,
6.667:109,99,7,
5.024:46,50,47,71,
7.09:13,151,334,
3.373:33,2,34,
6.836:13,89,
3.059:265,62,
5.215:134,322,350,
7.7:58,279,216,278,
6.523:343,13,
6.331:2,292,145,5,
5.196:13,141,3,137,
2.966:1,32,4,5,
6.295:191,146,136,156,
8.222:23,260,
7.356:374,62,
5.694:58,3,7,
4.856:33,34,44,
8.298:75,79,86,
6.271:6,132,133,
8.086:59,160,91,7,
7.78:340,13,
8.995:23,16,260,
7.458:73,282,
5.007:134,322,350,
5.456:46,66,61,5,
6.042:194,188,160,13,
6.188:134,322,350,
4.17:2,354,5,
4.165:16,192,13,
6.815:65,360,73,
7.976:28,13,197,137,
5.481:258,23,16,
3.549:11,46,66,5,
7.414:59,217,282,
4.875:295,62,3,145,
3.682:12,2,3,5,
4.97:293,83,145,5,
8.595:106,59,217,
6.461:156,142,3,7,
7.237:28,134,126,
8.555:75,79,86,
4.021:6,10,3,4,
6.21:26,3,292,5,
5.674:135,21,3,133,
10.017:106,59,15,
7.55:28,134,126,7,
4.47:250,62,3,
5.398:21,142,3,7,
4.818:2,13,145,
3.971:134,351,322,
6.227:16,3,48,
5.404:131,3,151,
4.92:11,369,13,
5.428:183,142,137,
8.195:147,125,126,123,
6.979:59,15,217,
5.627:28,6,3,119,
5.393:58,16,283,7,
7.718:194,195,13,121,
3.662:134,322,
6.451:279,216,278,7,
6.928:266,63,48,267,
5.13:23,5,
5.41:2,83,3,145,
6.489:104,55,99,7,
5.556:132,152,133,
5.862:13,62,83,5,
6.694:58,16,51,321,
6.14:28,3,122,
6.86:13,74,302,5,
3.245:10,3,4,22,
6.221:13,305,137,133,
3.805:46,65,47,
8.031:15,73,282,
6.078:28,118,3,7,
5.808:96,51,3,97,
8.394:65,59,15,
5.131:2,189,3,7,
2.91:33,34,3,
5.148:13,151,334,
6.331:75,79,86,
6.133:14,58,59,216,
3.955:46,67,16,47,
2.91:34,41,3,
6.342:28,126,7,
5.334:11,94,83,5,
6.642:16,189,7,289,
8.585:88,73,7,
5.779:28,1,111,180,
7.126:28,354,126,114,
7.006:11,18,7,5,
2.449:46,67,244,47,
4.301:6,30,3,71,
9.475:59,160,148,91,
3.316:37,3,
5.78:327,328,44,292,
6.44:69,365,7,
7.081:312,5,
3.826:70,83,3,7,
2.657:33,34,3,
6.469:59,15,217,211,
6.866:13,74,302,5,
4.236:368,13,22,
3.24:13,113,22,
4.953:134,349,351,322,
6.586:23,260,62,
7.701:189,73,5,
6.888:327,328,322,292,
6.57:16,2,145,
4.866:3,48,7,
6.63:75,79,86,62,
5.957:12,213,13,126,
7.066:295,369,62,7,
6.825:13,7,5,
7.677:16,91,13,7,
8.249:173,141,174,
5.975:99,102,48,43,
6.081:188,148,5,
3.92:13,83,3,5,
6.062:28,38,3,121,
5.287:105,2,331,5,
3.721:19,71,145,
4.994:46,50,47,48,
6.76:59,160,15,210,
5.333:345,6,142,131,
9.328:75,79,10,140,
6.183:28,134,13,126,
3.28:45,33,34,
4.597:6,10,3,4,
8.257:46,52,16,5,
3.57:54,33,34,
6.349:54,34,102,
8.825:75,45,
5.149:16,3,
7.167:13,74,302,5,
10.069:23,21,5,
6.804:183,142,3,137,
6.939:54,142,3,7,
5.395:106,7,5,220,
6.244:237,16,50,48,
4.961:46,82,47,48,
4.554:199,137,133,151,
5.463:135,354,133,121,
6.319:28,3,122,
6.618:160,88,206,
5.617:237,179,48,
4.356:94,21,296,3,
6.205:327,328,44,292,
7.076:309,23,260,
3.033:6,33,34,
6.084:96,55,97,
3.848:46,16,66,61,
8.07:58,279,216,278,
5.639:266,58,7,267,
7.053:12,94,13,5,
6.898:106,62,87,5,
6.271:98,96,55,97,
5.146:266,7,5,267,
6.551:28,95,83,7,
8.794:55,317,48,316,
5.97:12,28,113,3,
6.493:15,301,73,
3.465:152,305,137,133,
9.199:125,141,126,
7.197:88,131,
7.632:88,370,153,7,
6.169:33,34,35,
6.404:170,3,126,7,
2.469:23,310,37,3,
5.972:59,13,7,5,
5.389:13,7,
5.579:88,2,3,126,
6.697:160,13,137,7,
8.172:262,263,264,
4.776:158,235,133,
2.947:6,33,34,
6.071:46,47,48,49,
4.406:199,152,133,7,
5.394:113,3,5,119,
4.42:2,62,145,5,
4.62:46,47,48,
5.823:28,16,3,322,
6.509:12,88,13,5,
5.715:16,275,5,289,
5.677:96,55,16,97,
5.264:314,2,62,7,
5.918:13,302,
3.739:16,199,133,151,
6.479:23,260,5,
7.422:160,88,206,7,
6.089:16,3,7,289,
4.625:46,51,47,48,
7.603:96,16,54,97,
6.353:28,13,126,114,
6.809:28,153,141,126,
4.58:13,199,133,151,
5.279:85,16,7,
6.526:156,142,3,71,
6.249:88,3,5,
7.471:28,158,138,123,
6.656:314,13,7,
4.634:139,192,13,121,
5.639:134,352,322,350,
5.77:142,132,133,7,
8.227:59,368,151,7,
7.681:11,13,83,5,
4.93:304,13,199,133,
3.264:45,34,41,3,
7.234:28,184,38,126,
5.775:6,2,3,7,
5.311:273,58,16,
7.029:23,15,
3.374:28,1,180,122,
4.827:111,251,177,
6.116:132,133,151,
10.424:59,160,7,121,
4.298:134,322,350,
4.789:12,175,122,5,
8.56:28,88,126,
2.618:2,84,3,5,
6.495:266,268,7,267,
4.452:36,37,3,
8.222:124,72,125,
5.994:28,16,88,7,
3.451:33,34,44,
5.741:16,34,7,
5.805:293,2,145,5,
6.23:293,62,
4.736:94,21,5,22,
4.639:6,172,2,3,
5.104:155,153,
6.229:293,164,62,
6.084:219,72,13,137,
7.041:2,189,13,48,
7.63:28,7,89,5,
5.948:15,73,
7.07:26,92,
7.462:28,135,59,160,
7.905:58,59,3,211,
5.118:11,369,13,5,
4.518:46,66,7,5,
6.735:1,2,151,7,
4.621:1,180,354,122,
6.751:88,7,
6.234:11,13,83,5,
7.135:158,336,5,
5.271:1,354,126,7,
4.375:112,99,48,43,
3.618:258,23,257,
5.709:19,113,5,
6.529:12,118,114,5,
5.516:28,180,137,
5.467:237,50,48,
5.892:23,62,
3.953:6,33,34,
3.516:13,303,83,133,
