7.739:59,73,
5.12:65,62,83,313,
9.354:59,160,172,7,
6.593:13,113,5,
4.664:212,207,7,5,
6.053:80,79,13,5,
6.054:46,25,47,48,
5.155:11,369,13,83,
5.369:28,3,126,114,
7.419:28,141,126,
7.439:328,44,292,7,
6.492:293,2,7,145,
5.463:135,354,133,121,
6.036:345,158,3,151,
6.876:16,113,5,
7.173:75,78,79,86,
4.597:135,16,3,7,
5.258:134,322,350,
4.731:134,351,322,
7.036:28,137,151,
6.979:58,16,21,
7.25:279,16,216,278,
7.803:185,111,120,128,
6.576:6,215,27,5,
9.613:160,88,91,121,
4.814:94,3,5,22,
4.019:28,13,199,133,
8.091:28,158,157,126,
4.644:46,47,48,
7.856:96,62,97,5,
7.414:59,217,282,
4.464:12,6,4,5,
3.397:6,2,3,7,
6.531:106,110,3,48,
5.163:217,73,
7.001:160,88,206,7,
7.221:288,16,3,7,
6.845:16,113,5,289,
8.135:72,125,126,
4.707:6,132,3,133,
4.075:12,113,71,5,
7.006:11,18,7,5,
4.951:134,172,2,13,
7.561:28,340,13,
5.167:312,48,7,
8.698:99,54,108,107,
5.658:158,233,126,114,
6.288:160,206,7,
7.57:235,132,152,
5.258:134,16,352,322,
7.196:23,14,7,
5.975:99,102,48,43,
3.065:94,21,71,5,
5.068:16,88,
6.582:28,85,58,7,
6.548:102,126,5,
5.857:28,3,122,7,
7.666:28,59,13,126,
6.03:2,73,3,145,
4.454:11,13,83,5,
8.182:2,62,151,7,
4.486:46,48,322,
6.629:110,16,7,
7.495:23,14,260,
6.325:75,76,79,86,10,
5.933:104,110,16,54,
8.222:124,72,125,
5.499:11,28,83,5,
4.287:327,53,292,5,
6.182:291,13,
5.404:131,3,151,
2.83:6,33,34,
2.803:46,82,47,48,
6.115:23,5,
4.573:116,3,71,114,
6.126:58,279,216,278,
6.063:139,339,13,
4.15:11,13,83,5,
5.852:6,131,3,
5.728:262,263,264,5,
7.081:58,279,216,278,
5.715:16,275,5,289,
3.263:2,3,71,7,
4.76:6,2,13,3,
6.253:28,3,
7.424:204,160,131,3,
6.219:104,110,57,5,
3.865:294,83,3,
7.07:26,92,
8.28:209,59,160,206,
5.572:6,13,3,5,
8.526:51,15,7,
6.467:72,143,125,
6.744:72,125,92,
6.205:327,328,44,292,
8.012:85,121,123,
4.53:191,26,353,
4.553:27,71,7,5,
5.859:134,122,126,
6.804:183,142,3,137,
5.13:113,7,5,
6.367:78,189,62,
7.194:104,55,99,16,
6.029:28,173,178,
8.026:109,99,108,62,
5.262:29,88,126,7,
6.618:160,88,206,
6.204:46,52,60,5,
6.523:343,13,
4.35:110,101,48,7,
3.406:111,13,
6.867:263,365,
5.659:158,178,121,123,
5.945:110,16,62,
7.338:13,74,302,5,
7.872:176,120,177,128,
6.106:12,114,5,119,
3.081:65,288,51,3,
7.622:229,162,74,302,
6.571:23,14,260,
7.601:279,216,278,7,
5.262:294,83,3,145,
8.082:26,327,292,7,
7.947:94,62,5,22,
3.474:33,34,3,
5.584:273,16,61,
6.613:309,46,67,66,
8.103:65,15,73,
5.0:96,55,51,97,
5.948:58,50,48,
6.343:96,62,97,5,
6.293:96,55,97,7,
5.693:58,279,216,278,
4.131:33,34,35,
6.594:11,19,13,5,
4.66:134,16,322,
2.966:1,32,4,5,
5.224:46,16,47,49,
4.897:110,17,102,48,
4.867:237,238,50,71,
5.773:188,16,369,7,
5.517:51,340,13,334,
7.566:23,260,
7.542:58,279,216,278,
5.013:11,83,3,5,
6.708:65,255,256,
5.74:26,57,354,5,
6.688:26,13,328,
10.48:285,286,59,242,
7.837:266,16,21,270,
9.063:46,52,63,7,
7.55:28,134,126,7,
6.998:279,16,216,278,
4.865:23,65,265,
5.666:59,16,2,3,
8.825:75,45,
8.585:88,73,7,
7.66:54,3,7,
5.181:23,260,7,
8.421:58,279,216,278,
5.893:28,134,13,126,
6.767:157,125,233,
3.662:134,322,
7.145:105,94,114,5,
6.673:28,3,126,
6.449:6,70,3,
7.427:127,13,232,7,
5.667:29,58,88,7,
7.341:62,7,87,5,
7.857:160,189,137,7,
6.63:12,96,88,5,
6.76:59,160,15,210,
4.612:85,58,59,205,
5.303:26,30,5,
4.781:2,7,5,
6.0:78,368,187,
5.371:46,28,47,92,
8.628:13,74,302,5,
6.562:59,248,121,
5.498:294,16,83,145,
6.902:254,273,55,7,
3.806:294,21,83,3,
4.677:23,14,7,
4.137:28,188,3,
3.552:54,33,34,
6.104:28,13,336,121,
7.038:94,21,189,5,
8.652:72,59,157,125,
4.634:58,21,354,145,
6.44:105,99,62,102,
5.395:65,59,15,73,
4.556:33,34,
3.929:303,83,152,133,
6.509:12,88,13,5,
6.282:2,73,145,5,
5.113:295,263,62,145,
7.925:262,263,264,
3.597:21,2,3,7,
5.47:16,88,3,123,
6.048:219,132,133,151,
6.86:13,74,302,5,
7.397:135,136,13,137,
3.558:359,58,16,21,
7.475:75,45,79,5,
5.521:199,152,102,133,
4.994:134,349,351,322,
5.582:172,244,84,220,
5.516:72,59,179,157,
5.018:26,2,353,
4.535:28,84,7,
6.976:12,153,3,5,
5.994:6,142,3,7,
4.625:46,51,47,48,
5.352:134,16,322,
6.334:19,2,5,
6.62:240,237,196,50,
5.571:46,16,47,48,
5.571:3,137,7,
2.657:33,34,3,
8.861:59,160,172,
5.927:28,88,7,89,
6.234:11,13,83,5,
6.664:327,328,322,292,
5.013:13,302,
4.525:290,5,
5.972:59,13,7,5,
7.237:28,134,126,
8.191:15,73,
8.147:96,62,97,5,
4.037:99,57,62,5,
6.207:15,73,203,
4.585:62,133,
4.512:16,63,7,
4.757:188,6,16,7,
4.291:110,55,48,7,
6.726:59,15,217,
6.129:46,52,16,7,
5.064:65,13,
7.261:62,83,7,
5.243:134,221,115,3,
7.564:6,136,142,13,
7.459:15,73,203,
6.298:343,182,13,
7.701:98,96,55,97,
6.194:194,188,72,197,
2.998:39,363,
8.25:58,279,216,278,
4.801:6,2,354,71,
4.59:11,94,369,5,
3.374:28,1,180,122,
5.078:14,237,48,243,
6.324:16,142,3,121,
5.42:28,74,5,
4.668:75,76,79,13,10,
7.438:13,126,218,
5.441:88,3,5,
6.556:2,3,246,
5.298:106,62,48,
2.571:6,24,3,4,
5.045:16,189,91,
9.735:150,38,13,126,
6.705:21,354,5,
7.395:222,13,126,89,
6.232:272,274,16,49,
5.14:110,21,3,48,
7.267:28,3,137,123,
5.234:134,349,322,350,
5.313:26,3,5,
7.111:13,74,302,5,
3.38:23,259,62,
6.341:59,15,
4.208:11,62,83,5,
7.848:65,59,160,15,
7.918:96,62,97,5,
5.374:26,189,5,
7.153:28,204,16,7,
6.95:209,160,148,121,
8.151:59,160,16,
7.637:28,142,3,7,
7.366:216,13,137,7,
4.1:46,65,66,51,
5.784:6,2,3,7,
7.015:13,125,126,218,
6.439:279,216,278,7,
6.753:96,62,97,5,
7.121:13,74,302,5,
5.117:6,2,3,7,
5.822:266,48,7,267,
4.236:368,13,22,
5.569:169,13,137,
6.197:46,66,5,
8.594:176,13,125,126,
6.114:168,3,151,7,
6.799:139,333,13,
6.437:51,268,144,7,
6.13:13,3,137,151,
4.96:13,115,152,133,
5.531:65,59,15,211,
5.473:94,15,7,
4.414:28,3,138,
5.279:166,5,
6.874:1,19,172,122,
6.753:28,68,13,126,
5.127:345,13,336,
5.616:300,221,317,7,
5.067:13,199,152,133,
4.829:237,16,50,7,
3.516:6,58,2,3,
4.124:46,47,48,329,
4.516:11,368,3,5,
7.815:58,279,216,278,
2.418:34,41,3,44,
6.797:
5.037:104,2,354,5,
6.558:191,28,136,123,
5.514:58,16,216,7,
3.616:26,5,
7.621:75,79,86,10,
6.529:194,342,13,
7.254:12,4,7,5,
6.446:327,2,48,292,
6.005:275,71,5,
6.211:28,116,188,
7.389:59,160,88,121,
7.135:158,336,5,
7.525:105,113,114,5,
6.295:11,94,83,5,
7.608:237,50,241,
4.933:16,113,5,
5.303:33,34,
3.847:294,83,3,5,
5.398:29,2,115,7,
7.249:23,259,62,
8.087:46,59,16,15,5,
7.791:160,187,7,5,
4.144:110,55,101,48,
6.281:16,34,102,
5.216:6,53,71,5,
5.306:75,79,86,
6.062:28,1,111,180,
5.148:266,53,5,267,
6.894:99,54,107,43,
4.328:11,12,27,5,
5.621:16,107,62,3,
7.893:59,16,217,205,
6.268:279,16,216,278,
6.537:26,13,7,5,
4.924:58,88,354,7,
3.352:23,259,37,
5.621:11,13,83,218,
4.787:327,328,3,292,
6.359:28,48,7,103,
7.725:28,135,152,137,
6.29:3,7,5,
6.491:188,143,13,121,
4.915:94,21,5,22,
5.025:12,2,354,5,
4.588:84,5,220,
3.844:11,13,95,3,
8.445:28,38,13,126,
4.254:33,2,34,
5.339:54,312,313,
7.12:11,15,7,5,
5.725:240,237,238,50,
3.688:9,189,53,5,
5.67:185,13,302,
4.543:38,37,3,
2.28:33,34,3,
6.823:360,62,5,
5.395:65,263,83,
5.639:266,58,7,267,
5.718:135,29,354,133,
2.939:258,23,3,
4.941:3,126,114,7,
6.479:324,46,189,7,
4.771:142,132,7,
6.421:2,189,3,7,
9.28:155,13,137,7,
4.62:46,47,48,
10.064:23,16,260,
6.062:23,259,62,
5.187:98,96,51,97,
5.209:295,21,3,145,
7.066:183,160,137,
6.364:28,126,151,7,
6.653:136,142,13,207,
5.384:238,50,48,5,
3.617:12,294,27,
5.71:188,1,354,5,
5.639:134,352,322,350,
8.555:75,79,86,
8.477:28,13,126,7,
4.879:13,137,133,
7.02:13,3,122,126,
6.414:16,132,3,133,
6.539:28,3,114,
3.584:2,3,7,5,
8.98:166,176,128,
6.921:28,1,27,
2.994:33,34,3,44,
5.554:68,69,13,
6.743:72,120,89,
5.743:266,267,
6.002:293,83,81,145,
8.3:28,184,13,137,
4.763:42,33,34,3,
8.251:13,218,225,
6.0:46,16,47,
5.982:340,13,248,334,
4.911:28,154,74,5,
3.775:75,78,79,86,
8.5:28,13,122,126,
6.42:28,3,137,126,
3.303:
6.827:12,118,2,5,
3.841:46,82,47,48,
7.46:158,13,138,126,
2.676:11,3,71,5,
6.104:13,133,151,
7.95:284,59,16,217,
6.889:2,3,48,5,
5.601:75,76,79,86,10,
6.829:46,52,53,5,
4.321:134,322,
4.151:134,352,351,322,
5.579:88,2,3,126,
9.328:75,79,10,140,
4.772:6,2,102,145,
5.243:2,83,3,145,
9.117:15,73,
6.045:29,279,216,
5.987:65,51,164,
6.345:343,70,13,334,
8.688:65,15,73,218,
9.095:65,59,54,189,
8.321:23,260,7,
5.747:166,5,
6.134:58,59,3,
5.563:1,207,5,
7.131:154,13,74,
5.723:374,201,7,5,
4.299:191,26,
7.566:134,154,18,7,
4.328:199,115,102,133,
7.116:131,151,5,
6.676:240,237,238,50,
5.258:134,322,
4.795:16,13,5,
4.952:14,238,50,243,
7.442:13,74,302,5,
7.338:59,21,13,354,
3.071:1,6,3,4,
5.986:104,110,57,5,
4.554:46,50,47,48,
6.132:169,152,197,
5.05:58,16,7,
5.388:6,2,3,7,
5.747:158,88,126,114,
5.136:56,374,84,7,220,
6.966:14,362,3,7,
6.36:58,279,216,278,
6.327:240,13,341,
5.18:266,7,5,267,
7.166:12,3,7,5,
2.589:33,34,44,
7.503:59,148,133,7,
7.689:28,186,216,115,
6.197:29,279,216,
5.632:75,78,79,13,
6.155:12,165,369,13,
6.688:98,96,16,97,
4.068:11,13,4,5,
6.132:11,28,83,5,
7.623:50,48,
5.878:26,5,92,
7.371:28,134,126,
4.17:359,65,51,
7.526:28,124,126,
4.609:62,95,83,5,
7.185:99,57,48,5,
5.077:46,16,47,49,
6.598:13,328,3,292,
6.448:116,113,121,5,
6.063:134,349,322,121,
5.804:99,62,5,
4.021:6,10,3,4,
5.478:88,70,7,145,
5.838:96,16,97,5,
4.11:227,304,199,151,
4.641:88,2,113,5,
6.028:110,63,17,48,
8.686:166,176,157,
6.274:135,186,13,126,
4.176:13,303,133,
5.472:11,13,83,218,
3.31:6,33,34,
7.534:105,7,5,220,
4.082:2,3,5,
2.468:10,3,4,22,
5.015:309,364,83,
5.72:93,13,115,7,
4.964:28,139,171,
3.37:
2.294:34,41,3,
6.112:13,74,302,5,
5.557:2,91,133,7,
8.272:96,55,97,7,
6.076:237,238,50,5,
7.478:46,106,47,49,
2.258:23,37,
5.769:19,71,7,
5.046:65,15,73,282,
4.824:46,50,47,5,
6.315:191,200,188,138,
4.278:255,51,256,
6.519:11,13,83,3,
7.284:139,13,126,89,
5.447:237,50,69,48,
6.522:28,124,151,5,
4.813:12,21,354,5,
8.108:111,53,141,122,
5.905:46,16,47,49,
7.591:13,74,302,5,
5.387:188,238,50,
7.354:94,5,22,
5.857:183,234,151,7,
5.221:258,23,
5.319:169,3,137,7,
4.844:46,66,57,5,
7.222:30,18,7,5,
7.625:28,6,131,3,
5.648:139,192,13,
5.445:188,148,3,
5.137:6,2,3,145,
3.011:6,33,34,
5.871:188,6,3,123,
3.39:199,152,137,133,
8.008:185,59,160,
3.965:46,50,47,48,
5.008:53,137,5,
4.505:54,290,
9.076:59,160,7,
3.549:11,46,66,5,
7.304:9,2,3,48,
7.431:176,157,13,126,
6.495:266,268,7,267,
6.349:54,34,102,
4.736:94,21,5,22,
4.435:354,27,114,5,
5.728:169,183,152,
3.409:11,105,83,5,
5.9:29,88,13,126,
4.843:46,47,62,48,
7.471:59,15,
6.974:134,159,13,7,
6.162:6,18,3,7,
4.032:46,66,5,
6.684:75,79,86,
4.952:16,2,115,7,
5.931:13,62,3,7,
6.415:28,3,126,7,
9.668:
5.551:96,55,16,97,
6.02:219,142,132,133,
6.554:99,16,100,43,
4.416:30,354,5,
6.938:96,53,97,5,
6.706:229,13,302,5,
7.768:28,135,156,5,
5.499:293,83,3,145,
4.562:368,13,22,
5.18:59,333,13,
5.478:105,6,19,5,
7.471:28,158,138,123,
6.345:229,224,13,302,
6.135:13,74,302,5,
3.838:46,17,47,48,
6.299:237,50,7,
6.193:11,94,5,22,
6.248:28,118,122,5,
6.876:28,160,
7.936:124,157,13,125,
5.931:132,3,133,151,
7.94:28,158,168,120,
5.134:14,3,4,7,
5.912:146,28,
6.392:324,2,354,
3.856:16,62,3,
5.137:75,78,79,
3.629:33,34,3,
5.839:21,354,114,5,
4.214:99,50,57,5,
4.461:33,34,
6.647:186,142,3,123,
4.662:11,28,83,5,
4.458:134,349,16,322,
5.988:318,16,144,269,
5.177:158,13,126,121,
3.873:34,41,35,
7.093:173,59,132,151,
