8.469:38,13,5,
7.475:75,45,79,5,
4.78:293,83,81,145,
5.489:46,16,47,49,
5.948:58,50,48,
5.141:28,3,7,
8.186:70,13,218,89,
3.726:294,21,83,3,
6.585:28,53,137,123,
5.319:6,2,3,5,
6.906:354,114,7,5,
6.954:227,26,6,3,
3.933:112,99,51,48,
7.572:328,44,292,
9.076:59,160,7,
7.459:15,73,203,
5.778:16,275,34,289,
6.555:240,13,
8.302:106,59,
5.387:188,238,50,
8.546:16,18,7,145,
3.135:6,3,4,7,
4.957:160,13,5,
8.293:59,160,88,123,
7.395:58,279,216,278,
6.977:28,59,157,122,
5.173:237,238,50,15,
4.991:182,273,55,
5.863:23,265,5,
5.625:2,354,5,
5.075:46,16,47,48,
4.427:303,152,305,133,
6.719:254,182,62,298,
7.538:11,21,7,5,
6.554:54,142,3,7,
5.889:94,21,5,22,
5.353:266,293,83,145,
6.169:237,50,7,
4.64:106,115,3,207,
6.912:13,74,302,
8.406:26,59,160,5,
10.305:59,217,282,
5.58:6,142,3,207,
3.431:368,13,22,
6.315:28,216,13,126,
3.294:23,310,37,3,
2.758:19,4,81,5,
4.411:75,30,86,5,
6.489:104,55,99,7,
5.943:328,3,44,292,
5.035:1,207,
5.793:272,273,16,
6.256:14,26,3,7,
4.971:58,2,3,5,
5.342:13,334,
2.538:33,34,3,
5.781:28,13,115,133,
5.47:191,188,121,
6.479:23,260,5,
5.627:28,6,3,119,
2.388:23,310,37,3,
5.797:28,3,126,7,
4.102:65,38,3,
3.054:6,3,71,5,
8.491:28,160,53,3,
4.79:116,19,3,5,
7.892:28,188,184,3,
8.024:96,55,16,97,
4.236:75,78,164,79,
5.025:12,2,354,5,
6.842:78,368,371,
7.116:314,2,3,7,
6.705:21,354,5,
2.618:2,84,3,5,
6.322:191,26,133,220,
7.704:
6.224:192,333,13,
7.261:62,83,7,
6.913:160,206,138,7,
5.308:333,13,
8.316:15,18,73,
6.855:23,14,7,
8.652:72,59,157,125,
6.016:6,16,3,207,
6.227:3,122,126,
8.05:28,73,131,3,
3.115:59,237,50,210,
6.462:6,2,3,48,
5.332:178,153,115,3,
6.707:28,13,147,126,
4.994:134,349,351,322,
6.038:2,3,48,
5.193:12,88,13,5,
7.677:16,91,13,7,
5.518:195,13,125,
6.188:134,322,350,
3.844:11,13,95,3,
5.449:11,370,7,5,
8.031:15,73,282,
4.086:59,217,205,282,
5.123:16,2,132,133,
5.349:12,28,212,5,
7.397:135,136,13,137,
5.915:11,12,71,5,
6.125:94,21,5,22,
4.76:6,2,13,3,
5.8:153,13,137,
2.345:45,33,34,3,
5.929:219,132,133,7,
6.77:11,13,5,
6.008:28,124,38,126,
9.343:23,58,13,
3.39:199,152,137,133,
6.353:28,13,126,114,
3.224:21,84,83,3,
4.76:28,118,5,
5.0:23,2,7,5,
4.66:134,16,322,
6.797:6,132,133,
5.334:237,238,50,48,
4.352:11,6,19,5,
6.125:12,28,118,
10.657:284,59,217,282,
6.649:77,75,79,140,
7.625:28,6,131,3,
5.432:88,13,3,126,
5.868:58,2,3,
7.563:58,59,3,211,
3.013:33,34,3,
7.42:160,54,13,
5.487:188,374,3,7,
4.888:191,26,125,5,
2.935:294,21,83,3,
8.601:209,59,160,7,
4.268:14,16,63,7,
6.538:13,74,302,5,
6.088:23,259,62,
6.087:199,336,92,
6.604:28,13,306,
6.68:13,74,302,5,
4.298:134,322,350,
3.397:6,2,3,7,
5.76:96,55,97,7,
5.017:272,274,16,62,
6.263:305,137,133,7,
4.119:75,78,79,
5.395:65,59,15,73,
4.017:23,14,7,5,
6.513:11,18,71,7,
4.924:75,79,86,
6.555:6,3,151,207,
4.537:152,137,133,7,
6.04:55,99,16,101,
7.267:28,3,137,123,
4.662:345,3,151,7,
5.151:16,275,7,289,
6.609:16,189,97,7,
5.45:134,352,351,322,
4.318:28,122,71,
5.349:25,16,
4.469:11,83,3,5,
6.591:65,15,73,
8.586:65,255,256,
4.017:2,3,145,5,
8.899:58,59,217,211,
4.471:132,133,151,121,
6.492:155,143,13,62,
7.436:190,28,85,7,
8.623:65,153,
4.33:11,13,71,7,
4.651:169,197,
6.349:36,125,140,
7.307:96,55,97,7,
3.707:28,6,4,5,
4.144:110,55,101,48,
5.852:6,131,3,
7.102:13,74,302,5,
5.994:6,142,3,7,
3.719:6,94,3,5,
8.739:59,16,217,
3.547:29,3,5,119,
7.637:28,142,3,7,
5.73:266,58,16,270,
5.255:99,16,49,
4.147:28,1,180,122,
6.492:293,2,7,145,
4.439:6,94,13,
6.29:46,52,58,59,
5.516:55,99,16,63,
6.779:209,156,13,5,
6.49:29,58,237,
10.424:59,160,7,121,
7.539:58,179,7,
4.087:9,3,7,5,
5.487:328,3,44,292,
5.984:23,114,5,
6.302:139,192,13,7,
7.936:124,157,13,125,
4.048:9,3,145,5,
8.152:340,13,151,
